name_of_university,type_of_university,city,year_of_education,farabigiden_male,farabigiden_female,farabigiden_toplam,farabigelen_male,farabigelen_female,farabigelen_total,mevlanagiden_male,mevlanagiden_female,mevlanagiden_total,mevlanagelen_male,mevlanagelen_female,mevlanagelen_total,erasmusgiden_male,erasmusgiden_female,erasmusgiden_total,erasmusgelen_male,erasmusgelen_female,erasmusgelen_total,male_total,female_total,total_total
ACIBADEM MEHMET ALI AYDINLAR UNIVERSITESI,VAKIF,ISTANBUL,2018_2019,0,0,0,0,0,0,0,0,0,0,0,0,2,7,9,1,5,6,3,12,15
ADANA ALPARSLAN TURKES BILIM VE TEKNOLOJI UNIVERSITESI,DEVLET,ADANA,2018_2019,0,1,1,0,0,0,0,0,0,0,0,0,7,1,8,0,0,0,7,2,9
ADANA BILIM VE TEKNOLOJI UNIVERSITESI,DEVLET,ADANA,2018_2019,0,0,0,0,0,0,0,0,0,0,0,0,7,1,8,0,0,0,7,1,8
ADIYAMAN UNIVERSITESI,DEVLET,ADIYAMAN,2018_2019,2,8,10,3,4,7,0,0,0,0,0,0,7,2,9,0,0,0,12,14,26
AFYON KOCATEPE UNIVERSITESI,DEVLET,AFYONKARAHISAR,2018_2019,8,17,25,4,7,11,0,0,0,1,0,1,23,18,41,14,10,24,50,52,102
AFYONKARAHISAR SAGLIK BILIMLERI UNIVERSITESI,DEVLET,AFYONKARAHISAR,2018_2019,0,9,9,0,1,1,0,0,0,0,0,0,0,0,0,0,0,0,0,10,10
AGRI IBRAHIM CECEN UNIVERSITESI,DEVLET,AGRI,2018_2019,21,20,41,32,12,44,0,0,0,0,0,0,8,7,15,1,0,1,62,39,101
AKDENIZ UNIVERSITESI,DEVLET,ANTALYA,2018_2019,6,15,21,29,39,68,0,1,1,7,18,25,31,14,45,11,42,53,84,129,213
AKSARAY UNIVERSITESI,DEVLET,AKSARAY,2018_2019,8,11,19,3,9,12,0,0,0,1,0,1,8,4,12,0,0,0,20,24,44
ALANYA ALAADDIN KEYKUBAT UNIVERSITESI,DEVLET,ANTALYA,2018_2019,1,3,4,1,0,1,0,0,0,0,0,0,10,2,12,0,1,1,12,6,18
ALANYA HAMDULLAH EMIN PASA UNIVERSITESI,VAKIF,ANTALYA,2018_2019,0,0,0,0,0,0,0,0,0,0,0,0,4,0,4,0,0,0,4,0,4
ALTINBAS UNIVERSITESI,VAKIF,ISTANBUL,2018_2019,0,0,0,0,0,0,0,0,0,0,0,0,0,0,0,33,45,78,33,45,78
AMASYA UNIVERSITESI,DEVLET,AMASYA,2018_2019,3,20,23,5,7,12,0,0,0,0,0,0,1,1,2,0,0,0,9,28,37
ANADOLU UNIVERSITESI,DEVLET,ESKISEHIR,2018_2019,2,1,3,10,23,33,0,1,1,1,2,3,5,2,7,16,29,45,34,58,92
ANKARA HACI BAYRAM VELI UNIVERSITESI,DEVLET,ANKARA,2018_2019,4,6,10,13,14,27,0,0,0,3,4,7,27,53,80,0,1,1,47,78,125
ANKARA UNIVERSITESI,DEVLET,ANKARA,2018_2019,3,6,9,18,43,61,1,2,3,1,4,5,87,105,192,13,25,38,123,185,308
ANKARA YILDIRIM BEYAZIT UNIVERSITESI,DEVLET,ANKARA,2018_2019,0,0,0,0,0,0,0,2,2,0,0,0,13,7,20,1,2,3,14,11,25
ANTALYA BILIM UNIVERSITESI,VAKIF,ANTALYA,2018_2019,0,0,0,0,0,0,0,0,0,0,0,0,3,3,6,0,0,0,3,3,6
ARDAHAN UNIVERSITESI,DEVLET,ARDAHAN,2018_2019,1,2,3,1,1,2,0,0,0,0,0,0,2,0,2,0,0,0,4,3,7
ARTVIN CORUH UNIVERSITESI,DEVLET,ARTVIN,2018_2019,14,32,46,3,0,3,0,2,2,0,1,1,5,12,17,0,0,0,22,47,69
ATATURK UNIVERSITESI,DEVLET,ERZURUM,2018_2019,28,43,71,19,36,55,0,4,4,6,16,22,11,19,30,2,7,9,66,125,191
ATILIM UNIVERSITESI,VAKIF,ANKARA,2018_2019,0,0,0,0,0,0,0,0,0,0,0,0,7,12,19,0,0,0,7,12,19
AYDIN ADNAN MENDERES UNIVERSITESI,DEVLET,AYDIN,2018_2019,6,15,21,12,17,29,2,0,2,0,3,3,26,29,55,0,0,0,46,64,110
BAHCESEHIR UNIVERSITESI,VAKIF,ISTANBUL,2018_2019,0,0,0,0,0,0,0,0,0,0,0,0,0,0,0,22,38,60,22,38,60
BALIKESIR UNIVERSITESI,DEVLET,BALIKESIR,2018_2019,4,6,10,11,20,31,0,0,0,0,0,0,15,13,28,0,0,0,30,39,69
BANDIRMA ONYEDI EYLUL UNIVERSITESI,DEVLET,BALIKESIR,2018_2019,3,7,10,0,6,6,0,0,0,1,0,1,2,1,3,0,0,0,6,14,20
BARTIN UNIVERSITESI,DEVLET,BARTIN,2018_2019,4,15,19,3,1,4,0,0,0,0,0,0,11,6,17,2,1,3,20,23,43
BASKENT UNIVERSITESI,VAKIF,ANKARA,2018_2019,0,0,0,0,0,0,0,0,0,0,0,0,7,9,16,0,0,0,7,9,16
BATMAN UNIVERSITESI,DEVLET,BATMAN,2018_2019,2,3,5,2,4,6,0,0,0,0,0,0,5,0,5,0,0,0,9,7,16
BAYBURT UNIVERSITESI,DEVLET,BAYBURT,2018_2019,0,2,2,0,1,1,0,0,0,0,0,0,1,1,2,0,0,0,1,4,5
BEYKENT UNIVERSITESI,VAKIF,ISTANBUL,2018_2019,0,0,0,5,3,8,0,0,0,0,2,2,10,15,25,31,44,75,46,64,110
BEYKOZ UNIVERSITESI,VAKIF,ISTANBUL,2018_2019,0,0,0,0,0,0,0,0,0,0,0,0,2,0,2,0,0,0,2,0,2
BEZM-I ÂLEM VAKIF UNIVERSITESI,VAKIF,ISTANBUL,2018_2019,0,0,0,0,0,0,0,0,0,0,0,0,1,4,5,1,2,3,2,6,8
BILECIK SEYH EDEBALI UNIVERSITESI,DEVLET,BILECIK,2018_2019,1,15,16,1,0,1,1,0,1,0,0,0,10,12,22,1,0,1,14,27,41
BINGOL UNIVERSITESI,DEVLET,BINGOL,2018_2019,8,6,14,4,3,7,0,0,0,0,0,0,13,18,31,0,0,0,25,27,52
BIRUNI UNIVERSITESI,VAKIF,ISTANBUL,2018_2019,0,0,0,0,0,0,0,0,0,0,0,0,0,0,0,1,1,2,1,1,2
BITLIS EREN UNIVERSITESI,DEVLET,BITLIS,2018_2019,5,7,12,3,2,5,0,0,0,0,0,0,5,1,6,0,0,0,13,10,23
BOGAZICI UNIVERSITESI,DEVLET,ISTANBUL,2018_2019,0,0,0,0,0,0,0,0,0,0,0,0,160,170,330,38,40,78,198,210,408
BOLU ABANT IZZET BAYSAL UNIVERSITESI,DEVLET,BOLU,2018_2019,4,11,15,5,8,13,0,2,2,0,1,1,10,35,45,3,13,16,22,70,92
BURDUR MEHMET AKIF ERSOY UNIVERSITESI,DEVLET,BURDUR,2018_2019,9,3,12,9,4,13,0,0,0,0,0,0,6,5,11,1,1,2,25,13,38
BURSA TEKNIK UNIVERSITESI,DEVLET,BURSA,2018_2019,1,0,1,4,1,5,0,0,0,0,0,0,8,7,15,0,0,0,13,8,21
BURSA ULUDAG UNIVERSITESI,DEVLET,BURSA,2018_2019,20,10,30,40,82,122,0,0,0,0,0,0,54,65,119,7,9,16,121,166,287
CAG UNIVERSITESI,VAKIF,MERSIN,2018_2019,0,0,0,0,0,0,0,0,0,0,0,0,12,20,32,0,3,3,12,23,35
CANAKKALE ONSEKIZ MART UNIVERSITESI,DEVLET,CANAKKALE,2018_2019,0,0,0,8,13,21,0,0,0,2,2,4,0,0,0,18,34,52,28,49,77
CANKAYA UNIVERSITESI,VAKIF,ANKARA,2018_2019,0,0,0,0,0,0,0,0,0,0,0,0,7,5,12,0,1,1,7,6,13
CANKIRI KARATEKIN UNIVERSITESI,DEVLET,CANKIRI,2018_2019,5,12,17,0,1,1,0,0,0,0,0,0,7,13,20,2,0,2,14,26,40
CUKUROVA UNIVERSITESI,DEVLET,ADANA,2018_2019,6,8,14,32,41,73,0,2,2,0,1,1,47,36,83,0,0,0,85,88,173
DEMIROGLU BILIM UNIVERSITESI,VAKIF,ISTANBUL,2018_2019,0,0,0,0,0,0,0,0,0,0,0,0,0,1,1,0,0,0,0,1,1
DICLE UNIVERSITESI,DEVLET,DIYARBAKIR,2018_2019,6,10,16,20,30,50,0,0,0,0,0,0,8,4,12,3,0,3,37,44,81
DOGUS UNIVERSITESI,VAKIF,ISTANBUL,2018_2019,0,0,0,0,0,0,0,0,0,0,0,0,15,11,26,0,1,1,15,12,27
DOKUZ EYLUL UNIVERSITESI,DEVLET,IZMIR,2018_2019,1,6,7,29,73,102,0,2,2,0,0,0,52,68,120,13,28,41,95,177,272
DUZCE UNIVERSITESI,DEVLET,DUZCE,2018_2019,5,3,8,7,8,15,0,0,0,0,2,2,11,8,19,2,1,3,25,22,47
EGE UNIVERSITESI,DEVLET,IZMIR,2018_2019,0,0,0,5,13,18,0,0,0,0,0,0,83,107,190,31,41,72,119,161,280
ERCIYES UNIVERSITESI,DEVLET,KAYSERI,2018_2019,19,40,59,11,8,19,4,5,9,0,1,1,13,1,14,0,0,0,47,55,102
ERZINCAN BINALI YILDIRIM UNIVERSITESI,DEVLET,ERZINCAN,2018_2019,19,42,61,16,11,27,0,0,0,0,1,1,12,7,19,0,0,0,47,61,108
ERZURUM TEKNIK UNIVERSITESI,DEVLET,ERZURUM,2018_2019,9,5,14,0,1,1,0,0,0,0,0,0,18,4,22,0,0,0,27,10,37
ESKISEHIR OSMANGAZI UNIVERSITESI,DEVLET,ESKISEHIR,2018_2019,9,14,23,40,61,101,0,0,0,0,0,0,29,32,61,4,12,16,82,119,201
ESKISEHIR TEKNIK UNIVERSITESI,DEVLET,ESKISEHIR,2018_2019,1,2,3,4,1,5,0,1,1,0,0,0,3,4,7,3,0,3,11,8,19
FATIH SULTAN MEHMET VAKIF UNIVERSITESI,VAKIF,ISTANBUL,2018_2019,0,0,0,0,0,0,0,0,0,0,0,0,7,13,20,1,5,6,8,18,26
FIRAT UNIVERSITESI,DEVLET,ELAZIG,2018_2019,19,12,31,12,21,33,0,0,0,0,0,0,26,8,34,2,14,16,59,55,114
GALATASARAY UNIVERSITESI,DEVLET,ISTANBUL,2018_2019,0,0,0,0,0,0,0,0,0,0,0,0,31,45,76,41,84,125,72,129,201
GAZI UNIVERSITESI,DEVLET,ANKARA,2018_2019,4,5,9,15,33,48,0,0,0,0,2,2,49,38,87,3,9,12,71,87,158
GAZIANTEP UNIVERSITESI,DEVLET,GAZIANTEP,2018_2019,11,20,31,33,56,89,0,0,0,4,2,6,19,7,26,1,0,1,68,85,153
GEBZE TEKNIK UNIVERSITESI,DEVLET,KOCAELI,2018_2019,0,0,0,0,0,0,1,2,3,0,0,0,10,6,16,0,0,0,11,8,19
GIRESUN UNIVERSITESI,DEVLET,GIRESUN,2018_2019,16,29,45,6,13,19,0,0,0,0,0,0,10,10,20,0,0,0,32,52,84
GUMUSHANE UNIVERSITESI,DEVLET,GUMUSHANE,2018_2019,22,27,49,7,2,9,0,0,0,0,0,0,6,7,13,0,0,0,35,36,71
HACETTEPE UNIVERSITESI,DEVLET,ANKARA,2018_2019,2,9,11,22,55,77,0,2,2,0,1,1,57,101,158,12,26,38,93,194,287
HAKKARI UNIVERSITESI,DEVLET,HAKKARI,2018_2019,2,1,3,3,0,3,0,0,0,0,0,0,0,0,0,0,0,0,5,1,6
HALIC UNIVERSITESI,VAKIF,ISTANBUL,2018_2019,0,0,0,0,0,0,0,0,0,0,0,0,17,14,31,3,6,9,20,20,40
HARRAN UNIVERSITESI,DEVLET,SANLIURFA,2018_2019,7,2,9,10,7,17,0,0,0,0,0,0,6,1,7,0,0,0,23,10,33
HATAY MUSTAFA KEMAL UNIVERSITESI,DEVLET,HATAY,2018_2019,12,18,30,20,15,35,0,0,0,0,0,0,21,38,59,0,0,0,53,71,124
HITIT UNIVERSITESI,DEVLET,CORUM,2018_2019,30,10,40,1,1,2,0,0,0,0,0,0,15,16,31,1,1,2,47,28,75
IGDIR UNIVERSITESI,DEVLET,IGDIR,2018_2019,5,2,7,0,1,1,0,0,0,0,0,0,4,1,5,1,1,2,10,5,15
ISPARTA UYGULAMALI BILIMLER UNIVERSITESI,DEVLET,ISPARTA,2018_2019,4,1,5,2,1,3,1,0,1,0,0,0,2,2,4,0,0,0,9,4,13
ISIK UNIVERSITESI,VAKIF,ISTANBUL,2018_2019,0,0,0,0,0,0,0,0,0,0,0,0,10,9,19,1,1,2,11,10,21
IHSAN DOGRAMACI BILKENT UNIVERSITESI,VAKIF,ANKARA,2018_2019,0,0,0,0,0,0,0,0,0,0,0,0,68,109,177,10,16,26,78,125,203
INONU UNIVERSITESI,DEVLET,MALATYA,2018_2019,19,20,39,22,58,80,1,3,4,0,1,1,19,16,35,3,2,5,64,100,164
ISKENDERUN TEKNIK UNIVERSITESI,DEVLET,HATAY,2018_2019,4,1,5,0,0,0,0,0,0,0,0,0,13,4,17,0,0,0,17,5,22
ISTANBUL AREL UNIVERSITESI,VAKIF,ISTANBUL,2018_2019,0,0,0,0,0,0,0,0,0,0,0,0,0,0,0,8,4,12,8,4,12
ISTANBUL AYDIN UNIVERSITESI,VAKIF,ISTANBUL,2018_2019,0,0,0,0,0,0,0,0,0,0,0,0,21,20,41,31,27,58,52,47,99
ISTANBUL AYVANSARAY UNIVERSITESI,VAKIF,ISTANBUL,2018_2019,0,0,0,0,0,0,0,0,0,0,0,0,3,2,5,1,0,1,4,2,6
ISTANBUL BILGI UNIVERSITESI,VAKIF,ISTANBUL,2018_2019,0,0,0,0,0,0,0,0,0,0,0,0,27,45,72,30,40,70,57,85,142
ISTANBUL ESENYURT UNIVERSITESI,VAKIF,ISTANBUL,2018_2019,0,0,0,0,0,0,0,0,0,0,0,0,7,4,11,4,3,7,11,7,18
ISTANBUL GEDIK UNIVERSITESI,VAKIF,ISTANBUL,2018_2019,0,0,0,0,0,0,0,0,0,0,0,0,0,0,0,2,2,4,2,2,4
ISTANBUL GELISIM UNIVERSITESI,VAKIF,ISTANBUL,2018_2019,0,0,0,0,0,0,0,0,0,0,0,0,13,9,22,9,3,12,22,12,34
ISTANBUL KULTUR UNIVERSITESI,VAKIF,ISTANBUL,2018_2019,0,0,0,0,0,0,0,0,0,0,0,0,25,34,59,16,16,32,41,50,91
ISTANBUL MEDENIYET UNIVERSITESI,DEVLET,ISTANBUL,2018_2019,0,0,0,2,2,4,0,0,0,0,0,0,0,0,0,0,0,0,2,2,4
ISTANBUL MEDIPOL UNIVERSITESI,VAKIF,ISTANBUL,2018_2019,0,0,0,0,0,0,0,0,0,0,0,0,3,16,19,6,16,22,9,32,41
ISTANBUL OKAN UNIVERSITESI,VAKIF,ISTANBUL,2018_2019,0,0,0,0,0,0,0,0,0,0,0,0,1,4,5,8,32,40,9,36,45
ISTANBUL RUMELI UNIVERSITESI,VAKIF,ISTANBUL,2018_2019,0,0,0,0,0,0,0,0,0,0,0,0,0,0,0,1,0,1,1,0,1
ISTANBUL SABAHATTIN ZAIM UNIVERSITESI,VAKIF,ISTANBUL,2018_2019,0,0,0,0,0,0,0,0,0,0,0,0,15,4,19,9,3,12,24,7,31
ISTANBUL SEHIR UNIVERSITESI,VAKIF,ISTANBUL,2018_2019,0,0,0,0,0,0,0,0,0,0,0,0,12,9,21,29,36,65,41,45,86
ISTANBUL SISLI MESLEK YUKSEKOKULU,VAKIF MYO,ISTANBUL,2018_2019,0,0,0,0,0,0,0,0,0,0,0,0,0,0,0,1,0,1,1,0,1
ISTANBUL TEKNIK UNIVERSITESI,DEVLET,ISTANBUL,2018_2019,0,0,0,0,0,0,0,0,0,0,0,0,0,0,0,149,176,325,149,176,325
ISTANBUL TICARET UNIVERSITESI,VAKIF,ISTANBUL,2018_2019,0,0,0,1,0,1,0,0,0,0,0,0,13,14,27,15,18,33,29,32,61
ISTANBUL UNIVERSITESI,DEVLET,ISTANBUL,2018_2019,1,3,4,57,82,139,0,1,1,3,17,20,31,32,63,10,25,35,102,160,262
ISTANBUL UNIVERSITESI-CERRAHPASA,DEVLET,ISTANBUL,2018_2019,1,1,2,16,25,41,0,0,0,0,0,0,8,13,21,7,8,15,32,47,79
ISTANBUL YENI YUZYIL UNIVERSITESI,VAKIF,ISTANBUL,2018_2019,0,0,0,0,0,0,0,0,0,0,0,0,2,8,10,2,0,2,4,8,12
ISTANBUL 29 MAYIS UNIVERSITESI,VAKIF,ISTANBUL,2018_2019,0,0,0,0,0,0,0,0,0,0,0,0,2,2,4,2,4,6,4,6,10
IZMIR EKONOMI UNIVERSITESI,VAKIF,IZMIR,2018_2019,0,0,0,0,0,0,0,0,0,0,0,0,26,34,60,4,5,9,30,39,69
IZMIR KATIP CELEBI UNIVERSITESI,DEVLET,IZMIR,2018_2019,0,1,1,7,10,17,1,1,2,2,5,7,14,10,24,5,6,11,29,33,62
IZMIR YUKSEK TEKNOLOJI ENSTITUSU,DEVLET,IZMIR,2018_2019,0,0,0,0,0,0,0,0,0,0,0,0,28,25,53,5,4,9,33,29,62
KADIR HAS UNIVERSITESI,VAKIF,ISTANBUL,2018_2019,0,0,0,0,0,0,0,0,0,0,0,0,18,23,41,9,10,19,27,33,60
KAFKAS UNIVERSITESI,DEVLET,KARS,2018_2019,29,37,66,16,16,32,0,0,0,0,1,1,0,0,0,1,0,1,46,54,100
KAHRAMANMARAS SUTCU IMAM UNIVERSITESI,DEVLET,KAHRAMANMARAS,2018_2019,9,11,20,9,21,30,0,0,0,0,0,0,4,1,5,0,0,0,22,33,55
KARABUK UNIVERSITESI,DEVLET,KARABUK,2018_2019,20,14,34,2,2,4,0,2,2,5,5,10,35,19,54,7,6,13,69,48,117
KARADENIZ TEKNIK UNIVERSITESI,DEVLET,TRABZON,2018_2019,17,20,37,11,15,26,2,2,4,6,0,6,72,69,141,14,2,16,122,108,230
KARAMANOGLU MEHMETBEY UNIVERSITESI,DEVLET,KARAMAN,2018_2019,3,12,15,0,2,2,0,0,0,0,0,0,4,4,8,0,2,2,7,20,27
KASTAMONU UNIVERSITESI,DEVLET,KASTAMONU,2018_2019,11,27,38,0,2,2,1,1,2,3,2,5,19,16,35,0,0,0,34,48,82
KAYSERI UNIVERSITESI,DEVLET,KAYSERI,2018_2019,0,0,0,0,1,1,0,0,0,0,0,0,0,0,0,0,0,0,0,1,1
KIRGIZISTAN-TURKIYE MANAS UNIVERSITESI,null,KIRGIZISTAN,2018_2019,0,0,0,0,0,0,0,0,0,5,6,11,0,0,0,0,0,0,5,6,11
KIRIKKALE UNIVERSITESI,DEVLET,KIRIKKALE,2018_2019,3,18,21,17,16,33,0,3,3,3,7,10,27,9,36,0,4,4,50,57,107
KIRKLARELI UNIVERSITESI,DEVLET,KIRKLARELI,2018_2019,8,16,24,1,1,2,0,0,0,0,0,0,5,3,8,1,1,2,15,21,36
KIRSEHIR AHI EVRAN UNIVERSITESI,DEVLET,KIRSEHIR,2018_2019,6,16,22,1,3,4,0,0,0,0,0,0,1,0,1,1,5,6,9,24,33
KILIS 7 ARALIK UNIVERSITESI,DEVLET,KILIS,2018_2019,8,18,26,4,8,12,0,0,0,0,1,1,8,5,13,0,0,0,20,32,52
KOCAELI UNIVERSITESI,DEVLET,KOCAELI,2018_2019,20,19,39,24,40,64,2,0,2,0,3,3,58,63,121,5,2,7,109,127,236
KOC UNIVERSITESI,VAKIF,ISTANBUL,2018_2019,0,0,0,0,0,0,0,0,0,0,0,0,56,46,102,21,34,55,77,80,157
KONYA TEKNIK UNIVERSITESI,DEVLET,KONYA,2018_2019,1,2,3,3,1,4,0,0,0,0,0,0,0,0,0,0,0,0,4,3,7
KTO KARATAY UNIVERSITESI,VAKIF,KONYA,2018_2019,0,0,0,0,0,0,0,0,0,0,0,0,12,8,20,0,0,0,12,8,20
KUTAHYA DUMLUPINAR UNIVERSITESI,DEVLET,KUTAHYA,2018_2019,20,25,45,4,6,10,0,0,0,0,0,0,24,28,52,8,5,13,56,64,120
KUTAHYA SAGLIK BILIMLERI UNIVERSITESI,DEVLET,KUTAHYA,2018_2019,1,0,1,0,0,0,0,0,0,0,0,0,0,0,0,0,0,0,1,0,1
MALATYA TURGUT OZAL UNIVERSITESI,DEVLET,MALATYA,2018_2019,1,0,1,0,0,0,0,0,0,0,0,0,0,0,0,0,0,0,1,0,1
MALTEPE UNIVERSITESI,VAKIF,ISTANBUL,2018_2019,0,0,0,0,0,0,0,0,0,0,0,0,8,14,22,5,9,14,13,23,36
MANISA CELÂL BAYAR UNIVERSITESI,DEVLET,MANISA,2018_2019,0,0,0,27,31,58,0,0,0,1,0,1,0,0,0,6,3,9,34,34,68
MARDIN ARTUKLU UNIVERSITESI,DEVLET,MARDIN,2018_2019,0,0,0,1,1,2,0,0,0,0,0,0,4,4,8,0,0,0,5,5,10
MARMARA UNIVERSITESI,DEVLET,ISTANBUL,2018_2019,0,0,0,37,66,103,0,0,0,7,24,31,0,2,2,114,167,281,158,259,417
MEF UNIVERSITESI,VAKIF,ISTANBUL,2018_2019,0,0,0,0,0,0,0,0,0,0,0,0,4,7,11,1,3,4,5,10,15
MERSIN UNIVERSITESI,DEVLET,MERSIN,2018_2019,3,8,11,14,32,46,0,0,0,0,0,0,18,34,52,2,4,6,37,78,115
MIMAR SINAN GUZEL SANATLAR UNIVERSITESI,DEVLET,ISTANBUL,2018_2019,0,0,0,1,9,10,0,0,0,0,0,0,0,0,0,7,48,55,8,57,65
MUGLA SITKI KOCMAN UNIVERSITESI,DEVLET,MUGLA,2018_2019,13,20,33,22,31,53,0,0,0,0,0,0,48,17,65,2,5,7,85,73,158
MUNZUR UNIVERSITESI,DEVLET,TUNCELI,2018_2019,1,0,1,6,1,7,0,0,0,0,0,0,20,10,30,0,1,1,27,12,39
MUS ALPARSLAN UNIVERSITESI,DEVLET,MUS,2018_2019,3,12,15,5,7,12,0,0,0,0,0,0,16,4,20,0,0,0,24,23,47
NECMETTIN ERBAKAN UNIVERSITESI,DEVLET,KONYA,2018_2019,7,9,16,7,24,31,1,2,3,0,2,2,14,16,30,0,0,0,29,53,82
NEVSEHIR HACI BEKTAS VELI UNIVERSITESI,DEVLET,NEVSEHIR,2018_2019,8,8,16,4,5,9,0,0,0,0,0,0,0,0,0,0,0,0,12,13,25
NIGDE OMER HALISDEMIR UNIVERSITESI,DEVLET,NIGDE,2018_2019,5,6,11,8,7,15,0,0,0,0,0,0,0,0,0,0,0,0,13,13,26
NISANTASI UNIVERSITESI,VAKIF,ISTANBUL,2018_2019,0,0,0,0,0,0,0,0,0,0,0,0,0,0,0,0,7,7,0,7,7
NUH NACI YAZGAN UNIVERSITESI,VAKIF,KAYSERI,2018_2019,0,0,0,0,0,0,0,0,0,0,0,0,13,5,18,0,0,0,13,5,18
ONDOKUZ MAYIS UNIVERSITESI,DEVLET,SAMSUN,2018_2019,14,25,39,53,83,136,0,0,0,16,26,42,9,17,26,16,25,41,108,176,284
ORDU UNIVERSITESI,DEVLET,ORDU,2018_2019,7,14,21,4,1,5,0,1,1,1,0,1,8,13,21,0,0,0,20,29,49
ORTA DOGU TEKNIK UNIVERSITESI,DEVLET,ANKARA,2018_2019,0,0,0,0,0,0,4,3,7,0,0,0,68,130,198,0,0,0,72,133,205
OSMANIYE KORKUT ATA UNIVERSITESI,DEVLET,OSMANIYE,2018_2019,3,7,10,7,3,10,0,0,0,0,0,0,13,2,15,0,0,0,23,12,35
OZYEGIN UNIVERSITESI,VAKIF,ISTANBUL,2018_2019,0,0,0,0,0,0,0,0,0,0,0,0,27,19,46,7,4,11,34,23,57
PAMUKKALE UNIVERSITESI,DEVLET,DENIZLI,2018_2019,18,30,48,13,24,37,1,1,2,0,1,1,81,59,140,14,20,34,127,135,262
PIRI REIS UNIVERSITESI,VAKIF,ISTANBUL,2018_2019,0,0,0,0,0,0,0,0,0,0,0,0,23,7,30,0,0,0,23,7,30
RECEP TAYYIP ERDOGAN UNIVERSITESI,DEVLET,RIZE,2018_2019,8,39,47,1,1,2,0,0,0,4,2,6,6,0,6,0,2,2,19,44,63
SABANCI UNIVERSITESI,VAKIF,ISTANBUL,2018_2019,0,0,0,0,0,0,0,0,0,0,0,0,94,96,190,66,79,145,160,175,335
SAGLIK BILIMLERI UNIVERSITESI,DEVLET,ISTANBUL,2018_2019,0,0,0,0,0,0,0,0,0,0,0,0,2,8,10,0,0,0,2,8,10
SAKARYA UYGULAMALI BILIMLER UNIVERSITESI,DEVLET,SAKARYA,2018_2019,3,1,4,7,0,7,0,0,0,4,3,7,2,0,2,0,0,0,16,4,20
SAKARYA UNIVERSITESI,DEVLET,SAKARYA,2018_2019,12,13,25,23,24,47,0,0,0,19,39,58,34,23,57,9,17,26,97,116,213
SAMSUN UNIVERSITESI,DEVLET,SAMSUN,2018_2019,0,0,0,0,0,0,0,0,0,0,0,0,1,0,1,0,0,0,1,0,1
SELCUK UNIVERSITESI,DEVLET,KONYA,2018_2019,19,25,44,179,222,401,0,0,0,0,8,8,4,0,4,17,17,34,219,272,491
SIIRT UNIVERSITESI,DEVLET,SIIRT,2018_2019,5,7,12,9,7,16,0,0,0,0,0,0,1,1,2,0,0,0,15,15,30
SINOP UNIVERSITESI,DEVLET,SINOP,2018_2019,6,30,36,2,0,2,0,3,3,0,1,1,7,6,13,0,0,0,15,40,55
SIVAS CUMHURIYET UNIVERSITESI,DEVLET,SIVAS,2018_2019,14,32,46,29,34,63,0,0,0,0,3,3,29,37,66,29,33,62,101,139,240
SULEYMAN DEMIREL UNIVERSITESI,DEVLET,ISPARTA,2018_2019,3,10,13,11,24,35,1,1,2,3,6,9,43,57,100,7,3,10,68,101,169
SIRNAK UNIVERSITESI,DEVLET,SIRNAK,2018_2019,1,0,1,3,0,3,0,0,0,0,0,0,2,0,2,0,0,0,6,0,6
TARSUS UNIVERSITESI,DEVLET,MERSIN,2018_2019,0,0,0,0,0,0,0,0,0,0,0,0,1,0,1,0,0,0,1,0,1
TED UNIVERSITESI,VAKIF,ANKARA,2018_2019,0,0,0,0,0,0,0,0,0,0,0,0,0,0,0,1,3,4,1,3,4
TEKIRDAG NAMIK KEMAL UNIVERSITESI,DEVLET,TEKIRDAG,2018_2019,4,4,8,2,5,7,0,0,0,0,0,0,15,25,40,1,0,1,22,34,56
TOBB EKONOMI VE TEKNOLOJI UNIVERSITESI,VAKIF,ANKARA,2018_2019,0,0,0,0,0,0,0,0,0,0,0,0,7,4,11,0,0,0,7,4,11
TOKAT GAZIOSMANPASA UNIVERSITESI,DEVLET,TOKAT,2018_2019,17,34,51,2,7,9,0,0,0,0,0,0,21,14,35,0,2,2,40,57,97
TOROS UNIVERSITESI,VAKIF,MERSIN,2018_2019,0,0,0,0,0,0,0,0,0,0,0,0,10,4,14,0,0,0,10,4,14
TRABZON UNIVERSITESI,DEVLET,TRABZON,2018_2019,9,18,27,5,18,23,0,0,0,1,0,1,6,9,15,1,2,3,22,47,69
TRAKYA UNIVERSITESI,DEVLET,EDIRNE,2018_2019,6,11,17,4,7,11,0,0,0,0,0,0,1,3,4,0,0,0,11,21,32
TURK HAVA KURUMU UNIVERSITESI,VAKIF,ANKARA,2018_2019,0,0,0,0,0,0,0,0,0,0,0,0,2,2,4,0,0,0,2,2,4
TURK-ALMAN UNIVERSITESI,DEVLET,ISTANBUL,2018_2019,0,0,0,0,0,0,14,15,29,0,0,0,6,3,9,1,0,1,21,18,39
UFUK UNIVERSITESI,VAKIF,ANKARA,2018_2019,0,0,0,0,0,0,0,0,0,0,0,0,6,5,11,0,0,0,6,5,11
ULUSLARARASI SARAYBOSNA UNIVERSITESI,null,BOSNA-HERSEK,2018_2019,0,0,0,0,0,0,0,0,0,7,10,17,0,0,0,18,13,31,25,23,48
USAK UNIVERSITESI,DEVLET,USAK,2018_2019,8,12,20,1,8,9,0,0,0,0,0,0,29,9,38,0,0,0,38,29,67
USKUDAR UNIVERSITESI,VAKIF,ISTANBUL,2018_2019,0,0,0,0,0,0,0,0,0,0,0,0,9,11,20,4,3,7,13,14,27
VAN YUZUNCU YIL UNIVERSITESI,DEVLET,VAN,2018_2019,10,7,17,24,24,48,0,0,0,0,0,0,0,0,0,3,3,6,37,34,71
YALOVA UNIVERSITESI,DEVLET,YALOVA,2018_2019,0,4,4,3,3,6,0,0,0,0,1,1,17,16,33,2,3,5,22,27,49
YASAR UNIVERSITESI,VAKIF,IZMIR,2018_2019,0,0,0,0,0,0,0,0,0,0,0,0,0,0,0,12,16,28,12,16,28
YEDITEPE UNIVERSITESI,VAKIF,ISTANBUL,2018_2019,0,0,0,0,0,0,0,0,0,0,0,0,0,0,0,116,155,271,116,155,271
YILDIZ TEKNIK UNIVERSITESI,DEVLET,ISTANBUL,2018_2019,0,0,0,38,38,76,1,3,4,2,0,2,185,177,362,26,43,69,252,261,513
YOZGAT BOZOK UNIVERSITESI,DEVLET,YOZGAT,2018_2019,4,3,7,0,4,4,0,0,0,0,0,0,1,0,1,0,0,0,5,7,12
ZONGULDAK BULENT ECEVIT UNIVERSITESI,DEVLET,ZONGULDAK,2018_2019,12,27,39,5,6,11,0,1,1,1,1,2,6,2,8,2,0,2,26,37,63
ABDULLAH GUL UNIVERSITESI,DEVLET,KAYSERI,2017_2018,0,0,0,0,0,0,0,0,0,0,0,0,0,0,0,1,0,1,1,0,1
ACIBADEM MEHMET ALI AYDINLAR UNIVERSITESI,VAKIF,ISTANBUL,2017_2018,0,0,0,0,0,0,0,0,0,0,0,0,2,7,9,1,3,4,3,10,13
ADANA ALPARSLAN TURKES BILIM VE TEKNOLOJI UNIVERSITESI,DEVLET,ADANA,2017_2018,0,0,0,0,0,0,0,0,0,0,0,0,0,0,0,0,0,0,0,0,0
ADIYAMAN UNIVERSITESI,DEVLET,ADIYAMAN,2017_2018,6,15,21,6,10,16,0,0,0,0,0,0,1,0,1,0,0,0,13,25,38
AFYON KOCATEPE UNIVERSITESI,DEVLET,AFYONKARAHISAR,2017_2018,12,18,30,9,14,23,0,0,0,0,0,0,16,8,24,12,6,18,49,46,95
AGRI IBRAHIM CECEN UNIVERSITESI,DEVLET,AGRI,2017_2018,28,27,55,8,7,15,0,0,0,0,0,0,5,0,5,1,0,1,42,34,76
AKDENIZ UNIVERSITESI,DEVLET,ANTALYA,2017_2018,9,23,32,20,32,52,0,0,0,8,19,27,2,3,5,2,9,11,41,86,127
AKSARAY UNIVERSITESI,DEVLET,AKSARAY,2017_2018,4,15,19,6,5,11,0,0,0,1,0,1,1,1,2,0,3,3,12,24,36
ALANYA ALAADDIN KEYKUBAT UNIVERSITESI,DEVLET,ANTALYA,2017_2018,3,9,12,0,0,0,0,0,0,0,0,0,3,2,5,0,0,0,6,11,17
ALTINBAS UNIVERSITESI,VAKIF,ISTANBUL,2017_2018,0,0,0,0,0,0,0,0,0,0,0,0,0,0,0,20,29,49,20,29,49
AMASYA UNIVERSITESI,DEVLET,AMASYA,2017_2018,11,30,41,5,3,8,1,0,1,0,0,0,2,1,3,0,0,0,19,34,53
ANADOLU UNIVERSITESI,DEVLET,ESKISEHIR,2017_2018,7,21,28,16,36,52,1,1,2,0,1,1,15,22,37,23,35,58,62,116,178
ANKARA UNIVERSITESI,DEVLET,ANKARA,2017_2018,5,7,12,12,30,42,0,0,0,1,4,5,30,43,73,13,34,47,61,118,179
ANKARA YILDIRIM BEYAZIT UNIVERSITESI,DEVLET,ANKARA,2017_2018,0,0,0,0,0,0,5,5,10,1,0,1,25,7,32,0,2,2,31,14,45
ANTALYA BILIM UNIVERSITESI,VAKIF,ANTALYA,2017_2018,0,0,0,0,0,0,0,0,0,0,0,0,1,0,1,1,0,1,2,0,2
ARDAHAN UNIVERSITESI,DEVLET,ARDAHAN,2017_2018,5,1,6,1,0,1,0,0,0,0,0,0,0,0,0,0,0,0,6,1,7
ARTVIN CORUH UNIVERSITESI,DEVLET,ARTVIN,2017_2018,12,30,42,0,0,0,0,2,2,0,0,0,6,11,17,0,0,0,18,43,61
ATATURK UNIVERSITESI,DEVLET,ERZURUM,2017_2018,42,34,76,9,22,31,0,0,0,0,6,6,4,4,8,0,1,1,55,67,122
ATILIM UNIVERSITESI,VAKIF,ANKARA,2017_2018,0,0,0,0,0,0,0,0,0,0,0,0,0,0,0,0,0,0,0,0,0
AYDIN ADNAN MENDERES UNIVERSITESI,DEVLET,AYDIN,2017_2018,11,19,30,14,26,40,1,0,1,0,2,2,33,21,54,0,0,0,59,68,127
BAHCESEHIR UNIVERSITESI,VAKIF,ISTANBUL,2017_2018,0,0,0,0,0,0,0,0,0,0,0,0,41,44,85,22,28,50,63,72,135
BALIKESIR UNIVERSITESI,DEVLET,BALIKESIR,2017_2018,2,7,9,10,16,26,0,0,0,0,8,8,0,0,0,3,2,5,15,33,48
BANDIRMA ONYEDI EYLUL UNIVERSITESI,DEVLET,BALIKESIR,2017_2018,2,4,6,0,1,1,0,0,0,0,0,0,0,0,0,0,0,0,2,5,7
BARTIN UNIVERSITESI,DEVLET,BARTIN,2017_2018,2,9,11,3,1,4,0,0,0,0,0,0,1,1,2,0,0,0,6,11,17
BASKENT UNIVERSITESI,VAKIF,ANKARA,2017_2018,0,0,0,0,0,0,0,0,0,0,0,0,7,7,14,1,0,1,8,7,15
BATMAN UNIVERSITESI,DEVLET,BATMAN,2017_2018,6,8,14,9,2,11,0,0,0,0,0,0,0,0,0,0,0,0,15,10,25
BAYBURT UNIVERSITESI,DEVLET,BAYBURT,2017_2018,1,3,4,0,0,0,0,0,0,0,0,0,9,1,10,0,0,0,10,4,14
BEYKENT UNIVERSITESI,VAKIF,ISTANBUL,2017_2018,0,0,0,0,0,0,0,0,0,0,5,5,6,11,17,29,40,69,35,56,91
BEYKOZ UNIVERSITESI,VAKIF,ISTANBUL,2017_2018,0,0,0,0,0,0,0,0,0,0,0,0,4,5,9,0,0,0,4,5,9
BEZM-I ÂLEM VAKIF UNIVERSITESI,VAKIF,ISTANBUL,2017_2018,0,0,0,0,0,0,0,0,0,0,0,0,2,1,3,1,1,2,3,2,5
BILECIK SEYH EDEBALI UNIVERSITESI,DEVLET,BILECIK,2017_2018,3,10,13,1,1,2,0,0,0,0,0,0,13,14,27,0,0,0,17,25,42
BINGOL UNIVERSITESI,DEVLET,BINGOL,2017_2018,16,19,35,0,0,0,1,1,2,0,0,0,19,12,31,0,0,0,36,32,68
BIRUNI UNIVERSITESI,VAKIF,ISTANBUL,2017_2018,0,0,0,0,0,0,0,0,0,0,0,0,0,1,1,0,0,0,0,1,1
BITLIS EREN UNIVERSITESI,DEVLET,BITLIS,2017_2018,1,0,1,2,0,2,0,0,0,0,0,0,0,0,0,0,0,0,3,0,3
BOGAZICI UNIVERSITESI,DEVLET,ISTANBUL,2017_2018,0,0,0,0,0,0,0,0,0,0,0,0,121,173,294,23,32,55,144,205,349
BOLU ABANT IZZET BAYSAL UNIVERSITESI,DEVLET,BOLU,2017_2018,9,14,23,8,14,22,0,0,0,0,0,0,16,37,53,9,23,32,42,88,130
BURDUR MEHMET AKIF ERSOY UNIVERSITESI,DEVLET,BURDUR,2017_2018,17,31,48,8,7,15,0,0,0,0,0,0,12,8,20,0,1,1,37,47,84
BURSA TEKNIK UNIVERSITESI,DEVLET,BURSA,2017_2018,0,1,1,2,0,2,0,0,0,0,0,0,5,3,8,0,0,0,7,4,11
BURSA ULUDAG UNIVERSITESI,DEVLET,BURSA,2017_2018,17,28,45,33,98,131,0,0,0,0,6,6,0,0,0,12,22,34,62,154,216
CAG UNIVERSITESI,VAKIF,MERSIN,2017_2018,0,0,0,0,0,0,0,0,0,0,0,0,9,16,25,3,3,6,12,19,31
CANAKKALE ONSEKIZ MART UNIVERSITESI,DEVLET,CANAKKALE,2017_2018,7,21,28,12,14,26,0,0,0,0,3,3,0,0,0,8,8,16,27,46,73
CANKAYA UNIVERSITESI,VAKIF,ANKARA,2017_2018,0,0,0,0,0,0,0,0,0,0,0,0,4,12,16,0,0,0,4,12,16
CANKIRI KARATEKIN UNIVERSITESI,DEVLET,CANKIRI,2017_2018,14,22,36,0,0,0,0,0,0,0,0,0,7,15,22,0,0,0,21,37,58
CUKUROVA UNIVERSITESI,DEVLET,ADANA,2017_2018,11,17,28,18,32,50,0,0,0,0,1,1,0,0,0,0,0,0,29,50,79
DEMIROGLU BILIM UNIVERSITESI,VAKIF,ISTANBUL,2017_2018,0,0,0,0,0,0,0,0,0,0,0,0,0,0,0,0,0,0,0,0,0
DICLE UNIVERSITESI,DEVLET,DIYARBAKIR,2017_2018,5,14,19,32,38,70,0,0,0,0,0,0,0,0,0,1,0,1,38,52,90
DOGUS UNIVERSITESI,VAKIF,ISTANBUL,2017_2018,0,0,0,0,0,0,0,0,0,0,0,0,5,4,9,3,1,4,8,5,13
DOKUZ EYLUL UNIVERSITESI,DEVLET,IZMIR,2017_2018,4,12,16,18,26,44,4,1,5,0,0,0,59,45,104,14,26,40,99,110,209
DUZCE UNIVERSITESI,DEVLET,DUZCE,2017_2018,6,6,12,1,2,3,0,0,0,0,2,2,2,1,3,2,1,3,11,12,23
EGE UNIVERSITESI,DEVLET,IZMIR,2017_2018,1,5,6,6,8,14,0,0,0,0,0,0,103,123,226,11,21,32,121,157,278
ERCIYES UNIVERSITESI,DEVLET,KAYSERI,2017_2018,28,30,58,21,20,41,3,10,13,0,1,1,42,24,66,0,0,0,94,85,179
ERZINCAN BINALI YILDIRIM UNIVERSITESI,DEVLET,ERZINCAN,2017_2018,31,43,74,5,4,9,0,0,0,0,1,1,0,0,0,0,0,0,36,48,84
ERZURUM TEKNIK UNIVERSITESI,DEVLET,ERZURUM,2017_2018,12,2,14,0,0,0,0,0,0,0,0,0,33,6,39,0,2,2,45,10,55
ESKISEHIR OSMANGAZI UNIVERSITESI,DEVLET,ESKISEHIR,2017_2018,7,20,27,31,61,92,0,0,0,0,0,0,42,32,74,3,11,14,83,124,207
FATIH SULTAN MEHMET VAKIF UNIVERSITESI,VAKIF,ISTANBUL,2017_2018,0,0,0,0,0,0,0,0,0,0,0,0,0,0,0,1,7,8,1,7,8
FIRAT UNIVERSITESI,DEVLET,ELAZIG,2017_2018,14,5,19,19,37,56,0,0,0,0,0,0,53,14,67,0,0,0,86,56,142
GALATASARAY UNIVERSITESI,DEVLET,ISTANBUL,2017_2018,0,0,0,0,0,0,0,0,0,0,0,0,58,68,126,13,13,26,71,81,152
GAZI UNIVERSITESI,DEVLET,ANKARA,2017_2018,6,9,15,23,49,72,0,0,0,0,3,3,56,56,112,30,50,80,115,167,282
GAZIANTEP UNIVERSITESI,DEVLET,GAZIANTEP,2017_2018,17,26,43,32,38,70,0,0,0,4,1,5,2,0,2,1,0,1,56,65,121
GEBZE TEKNIK UNIVERSITESI,DEVLET,KOCAELI,2017_2018,0,0,0,2,0,2,0,0,0,0,0,0,0,0,0,0,0,0,2,0,2
GIRESUN UNIVERSITESI,DEVLET,GIRESUN,2017_2018,12,37,49,1,6,7,0,0,0,0,0,0,0,0,0,0,0,0,13,43,56
GUMUSHANE UNIVERSITESI,DEVLET,GUMUSHANE,2017_2018,9,16,25,4,1,5,0,0,0,4,0,4,10,4,14,1,0,1,28,21,49
HACETTEPE UNIVERSITESI,DEVLET,ANKARA,2017_2018,3,17,20,23,54,77,1,2,3,0,1,1,82,117,199,11,29,40,120,220,340
HAKKARI UNIVERSITESI,DEVLET,HAKKARI,2017_2018,0,0,0,0,0,0,0,0,0,0,0,0,0,0,0,0,0,0,0,0,0
HALIC UNIVERSITESI,VAKIF,ISTANBUL,2017_2018,0,0,0,0,0,0,0,0,0,0,0,0,0,0,0,9,6,15,9,6,15
HARRAN UNIVERSITESI,DEVLET,SANLIURFA,2017_2018,4,4,8,15,17,32,0,0,0,0,0,0,0,0,0,0,0,0,19,21,40
HASAN KALYONCU UNIVERSITESI,VAKIF,GAZIANTEP,2017_2018,0,0,0,0,0,0,0,0,0,0,0,0,0,0,0,0,0,0,0,0,0
HATAY MUSTAFA KEMAL UNIVERSITESI,DEVLET,HATAY,2017_2018,18,22,40,9,22,31,0,0,0,0,0,0,6,11,17,0,0,0,33,55,88
HITIT UNIVERSITESI,DEVLET,CORUM,2017_2018,21,17,38,1,5,6,0,0,0,0,0,0,0,0,0,3,1,4,25,23,48
IGDIR UNIVERSITESI,DEVLET,IGDIR,2017_2018,4,4,8,0,0,0,0,0,0,0,0,0,1,0,1,0,0,0,5,4,9
ISIK UNIVERSITESI,VAKIF,ISTANBUL,2017_2018,0,0,0,0,0,0,0,0,0,0,0,0,4,13,17,1,2,3,5,15,20
IHSAN DOGRAMACI BILKENT UNIVERSITESI,VAKIF,ANKARA,2017_2018,0,0,0,0,0,0,0,0,0,0,0,0,56,134,190,3,4,7,59,138,197
INONU UNIVERSITESI,DEVLET,MALATYA,2017_2018,15,24,39,33,55,88,0,0,0,1,3,4,0,0,0,1,3,4,50,85,135
ISKENDERUN TEKNIK UNIVERSITESI,DEVLET,HATAY,2017_2018,2,0,2,0,1,1,0,0,0,0,0,0,13,1,14,0,0,0,15,2,17
ISTANBUL AREL UNIVERSITESI,VAKIF,ISTANBUL,2017_2018,0,0,0,0,0,0,0,0,0,0,0,0,0,0,0,1,2,3,1,2,3
ISTANBUL AYDIN UNIVERSITESI,VAKIF,ISTANBUL,2017_2018,0,0,0,0,0,0,0,0,0,0,1,1,0,1,1,16,22,38,16,24,40
ISTANBUL AYVANSARAY UNIVERSITESI,VAKIF,ISTANBUL,2017_2018,0,0,0,0,0,0,0,0,0,0,0,0,0,0,0,0,1,1,0,1,1
ISTANBUL BILGI UNIVERSITESI,VAKIF,ISTANBUL,2017_2018,0,0,0,0,0,0,0,0,0,0,0,0,30,50,80,11,36,47,41,86,127
ISTANBUL ESENYURT UNIVERSITESI,VAKIF,ISTANBUL,2017_2018,0,0,0,0,0,0,0,0,0,0,0,0,6,8,14,2,1,3,8,9,17
ISTANBUL GEDIK UNIVERSITESI,VAKIF,ISTANBUL,2017_2018,0,0,0,0,0,0,0,0,0,0,0,0,0,0,0,0,0,0,0,0,0
ISTANBUL GELISIM UNIVERSITESI,VAKIF,ISTANBUL,2017_2018,0,0,0,0,0,0,0,0,0,0,0,0,11,18,29,4,3,7,15,21,36
ISTANBUL KULTUR UNIVERSITESI,VAKIF,ISTANBUL,2017_2018,0,0,0,0,0,0,0,1,1,0,0,0,42,23,65,8,13,21,50,37,87
ISTANBUL MEDENIYET UNIVERSITESI,DEVLET,ISTANBUL,2017_2018,0,0,0,0,0,0,0,0,0,0,0,0,0,0,0,1,0,1,1,0,1
ISTANBUL MEDIPOL UNIVERSITESI,VAKIF,ISTANBUL,2017_2018,0,0,0,0,0,0,0,0,0,0,0,0,11,16,27,1,9,10,12,25,37
ISTANBUL OKAN UNIVERSITESI,VAKIF,ISTANBUL,2017_2018,0,0,0,0,0,0,0,0,0,0,0,0,2,10,12,6,13,19,8,23,31
ISTANBUL SABAHATTIN ZAIM UNIVERSITESI,VAKIF,ISTANBUL,2017_2018,0,0,0,0,0,0,0,0,0,0,0,0,0,0,0,0,4,4,0,4,4
ISTANBUL SEHIR UNIVERSITESI,VAKIF,ISTANBUL,2017_2018,0,0,0,0,0,0,0,0,0,0,0,0,6,6,12,22,12,34,28,18,46
ISTANBUL SISLI MESLEK YUKSEKOKULU,VAKIF MYO,ISTANBUL,2017_2018,0,0,0,0,0,0,0,0,0,0,0,0,0,0,0,1,0,1,1,0,1
ISTANBUL TEKNIK UNIVERSITESI,DEVLET,ISTANBUL,2017_2018,0,0,0,0,0,0,0,0,0,0,0,0,0,1,1,157,196,353,157,197,354
ISTANBUL TICARET UNIVERSITESI,VAKIF,ISTANBUL,2017_2018,0,0,0,0,0,0,0,0,0,0,0,0,16,10,26,15,16,31,31,26,57
ISTANBUL UNIVERSITESI,DEVLET,ISTANBUL,2017_2018,9,9,18,56,112,168,0,1,1,4,19,23,33,26,59,30,45,75,132,212,344
ISTANBUL YENI YUZYIL UNIVERSITESI,VAKIF,ISTANBUL,2017_2018,0,0,0,0,0,0,0,0,0,0,0,0,0,0,0,6,9,15,6,9,15
ISTANBUL 29 MAYIS UNIVERSITESI,VAKIF,ISTANBUL,2017_2018,0,0,0,0,0,0,0,0,0,0,0,0,1,0,1,1,2,3,2,2,4
IZMIR EKONOMI UNIVERSITESI,VAKIF,IZMIR,2017_2018,0,0,0,0,0,0,0,0,0,0,0,0,26,33,59,5,3,8,31,36,67
IZMIR KATIP CELEBI UNIVERSITESI,DEVLET,IZMIR,2017_2018,3,1,4,2,3,5,0,0,0,3,6,9,6,8,14,5,6,11,19,24,43
IZMIR YUKSEK TEKNOLOJI ENSTITUSU,DEVLET,IZMIR,2017_2018,0,0,0,0,0,0,0,0,0,0,0,0,15,30,45,2,2,4,17,32,49
KADIR HAS UNIVERSITESI,VAKIF,ISTANBUL,2017_2018,0,0,0,0,0,0,0,0,0,0,0,0,0,0,0,0,3,3,0,3,3
KAFKAS UNIVERSITESI,DEVLET,KARS,2017_2018,30,46,76,4,2,6,0,0,0,0,0,0,0,0,0,1,0,1,35,48,83
KAHRAMANMARAS SUTCU IMAM UNIVERSITESI,DEVLET,KAHRAMANMARAS,2017_2018,11,10,21,13,17,30,0,0,0,0,0,0,19,4,23,0,0,0,43,31,74
KARABUK UNIVERSITESI,DEVLET,KARABUK,2017_2018,18,12,30,2,5,7,0,0,0,17,12,29,4,2,6,0,1,1,41,32,73
KARADENIZ TEKNIK UNIVERSITESI,DEVLET,TRABZON,2017_2018,20,40,60,18,27,45,0,1,1,1,0,1,108,79,187,15,4,19,162,151,313
KARAMANOGLU MEHMETBEY UNIVERSITESI,DEVLET,KARAMAN,2017_2018,6,12,18,1,1,2,0,0,0,0,0,0,2,1,3,0,0,0,9,14,23
KASTAMONU UNIVERSITESI,DEVLET,KASTAMONU,2017_2018,13,36,49,2,4,6,1,0,1,4,5,9,19,10,29,1,0,1,40,55,95
KIRIKKALE UNIVERSITESI,DEVLET,KIRIKKALE,2017_2018,6,15,21,12,16,28,0,0,0,3,7,10,2,3,5,0,5,5,23,46,69
KIRKLARELI UNIVERSITESI,DEVLET,KIRKLARELI,2017_2018,5,25,30,1,0,1,0,0,0,0,0,0,13,8,21,2,6,8,21,39,60
KIRSEHIR AHI EVRAN UNIVERSITESI,DEVLET,KIRSEHIR,2017_2018,6,16,22,3,1,4,0,0,0,0,0,0,0,0,0,0,1,1,9,18,27
KILIS 7 ARALIK UNIVERSITESI,DEVLET,KILIS,2017_2018,4,18,22,6,5,11,0,1,1,0,0,0,3,7,10,4,17,21,17,48,65
KOCAELI UNIVERSITESI,DEVLET,KOCAELI,2017_2018,10,19,29,26,42,68,0,0,0,0,0,0,16,18,34,6,2,8,58,81,139
KOC UNIVERSITESI,VAKIF,ISTANBUL,2017_2018,0,0,0,0,0,0,0,0,0,0,0,0,39,94,133,4,5,9,43,99,142
KTO KARATAY UNIVERSITESI,VAKIF,KONYA,2017_2018,0,0,0,0,0,0,0,0,0,0,0,0,2,0,2,0,0,0,2,0,2
KUTAHYA DUMLUPINAR UNIVERSITESI,DEVLET,KUTAHYA,2017_2018,30,25,55,3,9,12,0,0,0,0,0,0,25,17,42,0,1,1,58,52,110
MALTEPE UNIVERSITESI,VAKIF,ISTANBUL,2017_2018,0,0,0,0,0,0,0,0,0,0,0,0,0,10,10,22,45,67,22,55,77
MANISA CELÂL BAYAR UNIVERSITESI,DEVLET,MANISA,2017_2018,7,26,33,14,15,29,0,0,0,0,4,4,0,0,0,6,5,11,27,50,77
MARDIN ARTUKLU UNIVERSITESI,DEVLET,MARDIN,2017_2018,4,4,8,1,4,5,0,0,0,0,0,0,0,0,0,0,0,0,5,8,13
MARMARA UNIVERSITESI,DEVLET,ISTANBUL,2017_2018,2,7,9,36,61,97,0,0,0,5,17,22,2,2,4,58,127,185,103,214,317
MEF UNIVERSITESI,VAKIF,ISTANBUL,2017_2018,0,0,0,0,0,0,0,0,0,0,0,0,2,10,12,0,1,1,2,11,13
MERSIN UNIVERSITESI,DEVLET,MERSIN,2017_2018,6,11,17,10,23,33,0,0,0,0,0,0,59,34,93,10,5,15,85,73,158
MIMAR SINAN GUZEL SANATLAR UNIVERSITESI,DEVLET,ISTANBUL,2017_2018,1,1,2,2,9,11,0,0,0,0,0,0,0,0,0,1,15,16,4,25,29
MUGLA SITKI KOCMAN UNIVERSITESI,DEVLET,MUGLA,2017_2018,26,36,62,15,34,49,0,0,0,0,0,0,1,0,1,0,1,1,42,71,113
MUNZUR UNIVERSITESI,DEVLET,TUNCELI,2017_2018,3,5,8,4,0,4,0,0,0,0,0,0,0,0,0,0,0,0,7,5,12
MUS ALPARSLAN UNIVERSITESI,DEVLET,MUS,2017_2018,8,26,34,3,6,9,0,0,0,0,0,0,0,0,0,0,0,0,11,32,43
NECMETTIN ERBAKAN UNIVERSITESI,DEVLET,KONYA,2017_2018,9,17,26,7,21,28,0,0,0,0,2,2,16,2,18,0,0,0,32,42,74
NEVSEHIR HACI BEKTAS VELI UNIVERSITESI,DEVLET,NEVSEHIR,2017_2018,6,4,10,2,8,10,0,0,0,0,0,0,0,0,0,0,0,0,8,12,20
NIGDE OMER HALISDEMIR UNIVERSITESI,DEVLET,NIGDE,2017_2018,12,11,23,6,10,16,0,0,0,0,0,0,0,3,3,0,0,0,18,24,42
NISANTASI UNIVERSITESI,VAKIF,ISTANBUL,2017_2018,0,0,0,0,0,0,0,0,0,0,0,0,0,0,0,10,14,24,10,14,24
NUH NACI YAZGAN UNIVERSITESI,VAKIF,KAYSERI,2017_2018,0,0,0,0,0,0,0,0,0,0,0,0,11,3,14,0,0,0,11,3,14
ONDOKUZ MAYIS UNIVERSITESI,DEVLET,SAMSUN,2017_2018,12,20,32,48,68,116,0,0,0,15,26,41,22,7,29,17,24,41,114,145,259
ORDU UNIVERSITESI,DEVLET,ORDU,2017_2018,15,17,32,5,8,13,0,0,0,1,0,1,2,0,2,0,2,2,23,27,50
ORTA DOGU TEKNIK UNIVERSITESI,DEVLET,ANKARA,2017_2018,0,0,0,0,0,0,0,0,0,1,0,1,2,2,4,20,26,46,23,28,51
OSMANIYE KORKUT ATA UNIVERSITESI,DEVLET,OSMANIYE,2017_2018,2,5,7,2,0,2,0,0,0,0,0,0,16,2,18,1,0,1,21,7,28
OZYEGIN UNIVERSITESI,VAKIF,ISTANBUL,2017_2018,0,0,0,0,0,0,0,0,0,0,0,0,11,28,39,4,2,6,15,30,45
PAMUKKALE UNIVERSITESI,DEVLET,DENIZLI,2017_2018,17,22,39,10,44,54,0,0,0,0,1,1,0,0,0,15,21,36,42,88,130
PIRI REIS UNIVERSITESI,VAKIF,ISTANBUL,2017_2018,0,0,0,0,0,0,0,0,0,0,0,0,19,4,23,19,1,20,38,5,43
RECEP TAYYIP ERDOGAN UNIVERSITESI,DEVLET,RIZE,2017_2018,16,40,56,5,10,15,0,0,0,4,2,6,0,1,1,0,2,2,25,55,80
SABANCI UNIVERSITESI,VAKIF,ISTANBUL,2017_2018,0,0,0,0,0,0,0,0,0,0,0,0,111,95,206,13,21,34,124,116,240
SAKARYA UNIVERSITESI,DEVLET,SAKARYA,2017_2018,13,14,27,32,48,80,0,0,0,25,34,59,99,42,141,8,15,23,177,153,330
SELCUK UNIVERSITESI,DEVLET,KONYA,2017_2018,15,32,47,12,19,31,0,0,0,0,3,3,1,0,1,18,17,35,46,71,117
SIIRT UNIVERSITESI,DEVLET,SIIRT,2017_2018,9,7,16,8,3,11,0,0,0,0,0,0,0,0,0,0,0,0,17,10,27
SINOP UNIVERSITESI,DEVLET,SINOP,2017_2018,8,18,26,1,4,5,0,0,0,0,1,1,1,0,1,0,0,0,10,23,33
SIVAS CUMHURIYET UNIVERSITESI,DEVLET,SIVAS,2017_2018,20,41,61,16,13,29,0,0,0,0,3,3,0,0,0,9,15,24,45,72,117
SULEYMAN DEMIREL UNIVERSITESI,DEVLET,ISPARTA,2017_2018,20,43,63,17,28,45,0,2,2,3,0,3,21,9,30,0,2,2,61,84,145
SIRNAK UNIVERSITESI,DEVLET,SIRNAK,2017_2018,1,0,1,0,0,0,0,0,0,0,0,0,0,0,0,0,0,0,1,0,1
TED UNIVERSITESI,VAKIF,ANKARA,2017_2018,0,0,0,0,0,0,0,0,0,0,0,0,0,0,0,1,1,2,1,1,2
TEKIRDAG NAMIK KEMAL UNIVERSITESI,DEVLET,TEKIRDAG,2017_2018,5,5,10,4,4,8,0,0,0,0,0,0,11,19,30,0,1,1,20,29,49
TOBB EKONOMI VE TEKNOLOJI UNIVERSITESI,VAKIF,ANKARA,2017_2018,0,0,0,0,0,0,0,0,0,0,0,0,13,17,30,0,0,0,13,17,30
TOKAT GAZIOSMANPASA UNIVERSITESI,DEVLET,TOKAT,2017_2018,30,42,72,3,6,9,0,0,0,0,0,0,12,11,23,0,1,1,45,60,105
TOROS UNIVERSITESI,VAKIF,MERSIN,2017_2018,0,0,0,0,0,0,0,0,0,0,0,0,10,5,15,0,0,0,10,5,15
TRAKYA UNIVERSITESI,DEVLET,EDIRNE,2017_2018,10,14,24,10,11,21,0,0,0,0,0,0,3,2,5,2,1,3,25,28,53
TURK HAVA KURUMU UNIVERSITESI,VAKIF,ANKARA,2017_2018,0,0,0,0,0,0,0,0,0,0,0,0,0,0,0,0,0,0,0,0,0
TURK-ALMAN UNIVERSITESI,DEVLET,ISTANBUL,2017_2018,0,0,0,0,0,0,0,0,0,0,0,0,3,9,12,0,1,1,3,10,13
UFUK UNIVERSITESI,VAKIF,ANKARA,2017_2018,0,0,0,0,0,0,0,0,0,0,0,0,0,1,1,0,0,0,0,1,1
ULUSLARARASI SARAYBOSNA UNIVERSITESI,null,BOSNA-HERSEK,2017_2018,0,0,0,0,0,0,0,0,0,11,12,23,0,0,0,18,16,34,29,28,57
USAK UNIVERSITESI,DEVLET,USAK,2017_2018,13,17,30,6,8,14,0,0,0,0,0,0,8,1,9,0,0,0,27,26,53
USKUDAR UNIVERSITESI,VAKIF,ISTANBUL,2017_2018,0,0,0,0,0,0,0,0,0,0,0,0,6,4,10,1,3,4,7,7,14
VAN YUZUNCU YIL UNIVERSITESI,DEVLET,VAN,2017_2018,6,16,22,29,27,56,0,0,0,0,0,0,0,0,0,4,5,9,39,48,87
YALOVA UNIVERSITESI,DEVLET,YALOVA,2017_2018,2,11,13,3,5,8,0,0,0,0,0,0,24,13,37,1,1,2,30,30,60
YASAR UNIVERSITESI,VAKIF,IZMIR,2017_2018,0,0,0,0,0,0,0,0,0,0,0,0,0,0,0,8,15,23,8,15,23
YEDITEPE UNIVERSITESI,VAKIF,ISTANBUL,2017_2018,0,0,0,0,0,0,0,0,0,0,0,0,0,0,0,87,101,188,87,101,188
YILDIZ TEKNIK UNIVERSITESI,DEVLET,ISTANBUL,2017_2018,2,7,9,30,53,83,4,1,5,0,2,2,204,179,383,26,28,54,266,270,536
YOZGAT BOZOK UNIVERSITESI,DEVLET,YOZGAT,2017_2018,10,11,21,2,2,4,0,0,0,0,0,0,0,0,0,0,0,0,12,13,25
ZONGULDAK BULENT ECEVIT UNIVERSITESI,DEVLET,ZONGULDAK,2017_2018,17,46,63,0,5,5,0,0,0,2,0,2,1,0,1,2,1,3,22,52,74
ABDULLAH GUL UNIVERSITESI,DEVLET,KAYSERI,2016_2017,0,0,0,0,0,0,0,0,0,0,0,0,0,0,0,0,0,0,0,0,0
ACIBADEM MEHMET ALI AYDINLAR UNIVERSITESI,VAKIF,ISTANBUL,2016_2017,0,0,0,0,0,0,0,0,0,0,0,0,0,0,0,3,3,6,3,3,6
ADANA ALPARSLAN TURKES BILIM VE TEKNOLOJI UNIVERSITESI,DEVLET,ADANA,2016_2017,0,0,0,0,0,0,0,0,0,0,0,0,4,1,5,0,0,0,4,1,5
ADIYAMAN UNIVERSITESI,DEVLET,ADIYAMAN,2016_2017,3,13,16,3,3,6,0,0,0,0,0,0,2,0,2,1,0,1,9,16,25
AFYON KOCATEPE UNIVERSITESI,DEVLET,AFYON,2016_2017,7,29,36,7,15,22,0,0,0,4,1,5,1,0,1,4,5,9,23,50,73
AGRI IBRAHIM CECEN UNIVERSITESI,DEVLET,AGRI,2016_2017,22,43,65,6,3,9,0,0,0,0,0,0,8,7,15,1,0,1,37,53,90
AKDENIZ UNIVERSITESI,DEVLET,ANTALYA,2016_2017,9,12,21,33,43,76,1,1,2,0,1,1,0,0,0,2,2,4,45,59,104
AKSARAY UNIVERSITESI,DEVLET,AKSARAY,2016_2017,19,34,53,5,7,12,1,0,1,0,0,0,4,5,9,1,1,2,30,47,77
ALANYA ALAADDIN KEYKUBAT UNIVERSITESI,DEVLET,ANTALYA,2016_2017,0,0,0,0,0,0,0,0,0,0,0,0,0,0,0,0,0,0,0,0,0
ALTINBAS UNIVERSITESI,VAKIF,ISTANBUL,2016_2017,0,0,0,0,0,0,0,0,0,0,0,0,0,0,0,2,4,6,2,4,6
AMASYA UNIVERSITESI,DEVLET,AMASYA,2016_2017,9,18,27,8,8,16,0,0,0,0,0,0,0,0,0,0,0,0,17,26,43
ANADOLU UNIVERSITESI,DEVLET,ESKISEHIR,2016_2017,10,25,35,14,44,58,0,1,1,0,0,0,9,15,24,3,7,10,36,92,128
ANKARA UNIVERSITESI,DEVLET,ANKARA,2016_2017,9,6,15,10,30,40,0,3,3,1,3,4,3,19,22,13,45,58,36,106,142
ANKARA YILDIRIM BEYAZIT UNIVERSITESI,DEVLET,ANKARA,2016_2017,0,0,0,0,0,0,5,7,12,0,2,2,12,9,21,0,0,0,17,18,35
ANTALYA BILIM UNIVERSITESI,VAKIF,ANTALYA,2016_2017,0,0,0,0,0,0,0,0,0,0,0,0,8,3,11,0,0,0,8,3,11
ARDAHAN UNIVERSITESI,DEVLET,ARDAHAN,2016_2017,5,4,9,0,0,0,0,0,0,0,0,0,0,0,0,0,0,0,5,4,9
ARTVIN CORUH UNIVERSITESI,DEVLET,ARTVIN,2016_2017,6,25,31,1,1,2,0,0,0,0,0,0,0,0,0,0,0,0,7,26,33
ATATURK UNIVERSITESI,DEVLET,ERZURUM,2016_2017,49,39,88,13,22,35,4,0,4,0,1,1,12,2,14,0,0,0,78,64,142
ATILIM UNIVERSITESI,VAKIF,ANKARA,2016_2017,0,0,0,0,0,0,0,0,0,0,0,0,0,0,0,0,1,1,0,1,1
AYDIN ADNAN MENDERES UNIVERSITESI,DEVLET,AYDIN,2016_2017,6,17,23,14,17,31,0,0,0,0,2,2,10,9,19,0,0,0,30,45,75
BAHCESEHIR UNIVERSITESI,VAKIF,ISTANBUL,2016_2017,0,0,0,0,0,0,0,0,0,0,0,0,35,45,80,45,65,110,80,110,190
BALIKESIR UNIVERSITESI,DEVLET,BALIKESIR,2016_2017,5,13,18,9,9,18,0,0,0,0,3,3,1,6,7,4,0,4,19,31,50
BANDIRMA ONYEDI EYLUL UNIVERSITESI,DEVLET,BALIKESIR,2016_2017,2,3,5,0,0,0,0,0,0,0,0,0,0,0,0,0,0,0,2,3,5
BARTIN UNIVERSITESI,DEVLET,BARTIN,2016_2017,6,9,15,0,2,2,0,0,0,0,0,0,2,0,2,0,0,0,8,11,19
BASKENT UNIVERSITESI,VAKIF,ANKARA,2016_2017,0,0,0,0,0,0,0,0,0,0,0,0,6,12,18,0,2,2,6,14,20
BATMAN UNIVERSITESI,DEVLET,BATMAN,2016_2017,2,3,5,1,3,4,0,0,0,0,0,0,3,2,5,0,0,0,6,8,14
BAYBURT UNIVERSITESI,DEVLET,BAYBURT,2016_2017,1,0,1,0,0,0,0,0,0,0,0,0,0,0,0,0,0,0,1,0,1
BEYKENT UNIVERSITESI,VAKIF,ISTANBUL,2016_2017,0,0,0,0,0,0,0,0,0,0,5,5,11,8,19,27,29,56,38,42,80
BEYKOZ UNIVERSITESI,VAKIF,ISTANBUL,2016_2017,0,0,0,0,0,0,0,0,0,0,0,0,0,2,2,0,0,0,0,2,2
BEZM-I ÂLEM VAKIF UNIVERSITESI,VAKIF,ISTANBUL,2016_2017,0,0,0,0,0,0,0,0,0,0,0,0,2,4,6,1,0,1,3,4,7
BILECIK SEYH EDEBALI UNIVERSITESI,DEVLET,BILECIK,2016_2017,6,9,15,0,2,2,0,0,0,0,1,1,23,19,42,0,0,0,29,31,60
BINGOL UNIVERSITESI,DEVLET,BINGOL,2016_2017,6,5,11,2,1,3,0,0,0,0,0,0,27,8,35,0,0,0,35,14,49
BIRUNI UNIVERSITESI,VAKIF,ISTANBUL,2016_2017,0,0,0,0,0,0,0,0,0,0,0,0,0,0,0,0,0,0,0,0,0
BITLIS EREN UNIVERSITESI,DEVLET,BITLIS,2016_2017,3,4,7,1,0,1,0,0,0,0,0,0,0,0,0,0,0,0,4,4,8
BOGAZICI UNIVERSITESI,DEVLET,ISTANBUL,2016_2017,0,0,0,0,0,0,0,0,0,0,0,0,123,153,276,31,26,57,154,179,333
BOLU ABANT IZZET BAYSAL UNIVERSITESI,DEVLET,BOLU,2016_2017,4,17,21,5,17,22,0,0,0,0,0,0,0,0,0,10,22,32,19,56,75
BURDUR MEHMET AKIF ERSOY UNIVERSITESI,DEVLET,BURDUR,2016_2017,7,22,29,11,9,20,0,0,0,0,0,0,6,2,8,0,1,1,24,34,58
BURSA TEKNIK UNIVERSITESI,DEVLET,BURSA,2016_2017,0,0,0,1,0,1,0,0,0,0,0,0,1,0,1,0,0,0,2,0,2
BURSA ULUDAG UNIVERSITESI,DEVLET,BURSA,2016_2017,14,29,43,49,118,167,0,0,0,0,0,0,0,0,0,9,15,24,72,162,234
CAG UNIVERSITESI,VAKIF,MERSIN,2016_2017,0,0,0,0,0,0,0,0,0,0,0,0,0,0,0,3,1,4,3,1,4
CANAKKALE ONSEKIZ MART UNIVERSITESI,DEVLET,CANAKKALE,2016_2017,8,35,43,10,11,21,0,0,0,0,0,0,0,0,0,36,39,75,54,85,139
CANKAYA UNIVERSITESI,VAKIF,ANKARA,2016_2017,0,0,0,0,0,0,0,0,0,0,0,0,17,21,38,0,0,0,17,21,38
CANKIRI KARATEKIN UNIVERSITESI,DEVLET,CANKIRI,2016_2017,1,8,9,0,0,0,0,0,0,0,0,0,3,11,14,0,0,0,4,19,23
CUKUROVA UNIVERSITESI,DEVLET,ADANA,2016_2017,10,19,29,23,44,67,0,0,0,1,3,4,0,0,0,0,0,0,34,66,100
DEMIROGLU BILIM UNIVERSITESI,VAKIF,ISTANBUL,2016_2017,0,0,0,0,0,0,0,0,0,0,0,0,0,0,0,0,0,0,0,0,0
DICLE UNIVERSITESI,DEVLET,DIYARBAKIR,2016_2017,9,14,23,17,25,42,0,0,0,0,0,0,0,0,0,2,0,2,28,39,67
DOGUS UNIVERSITESI,VAKIF,ISTANBUL,2016_2017,0,0,0,0,0,0,0,0,0,0,0,0,20,16,36,1,4,5,21,20,41
DOKUZ EYLUL UNIVERSITESI,DEVLET,IZMIR,2016_2017,9,18,27,18,39,57,2,2,4,0,0,0,50,54,104,29,50,79,108,163,271
DUZCE UNIVERSITESI,DEVLET,DUZCE,2016_2017,8,23,31,2,4,6,0,0,0,0,1,1,17,3,20,2,1,3,29,32,61
EGE UNIVERSITESI,DEVLET,IZMIR,2016_2017,0,5,5,9,11,20,0,0,0,0,0,0,76,53,129,89,151,240,174,220,394
ERCIYES UNIVERSITESI,DEVLET,KAYSERI,2016_2017,35,47,82,17,34,51,2,4,6,0,3,3,29,27,56,0,1,1,83,116,199
ERZINCAN BINALI YILDIRIM UNIVERSITESI,DEVLET,ERZINCAN ,2016_2017,19,48,67,0,0,0,0,0,0,0,0,0,0,0,0,0,0,0,19,48,67
ERZURUM TEKNIK UNIVERSITESI,DEVLET,ERZURUM,2016_2017,20,3,23,0,0,0,0,0,0,0,0,0,22,7,29,0,0,0,42,10,52
ESKISEHIR OSMANGAZI UNIVERSITESI,DEVLET,ESKISEHIR,2016_2017,11,12,23,22,62,84,1,0,1,0,0,0,38,31,69,1,9,10,73,114,187
FATIH SULTAN MEHMET VAKIF UNIVERSITESI,VAKIF,ISTANBUL,2016_2017,0,0,0,0,0,0,0,0,0,0,0,0,0,0,0,7,0,7,7,0,7
FIRAT UNIVERSITESI,DEVLET,ELAZIG,2016_2017,18,15,33,12,14,26,0,0,0,0,0,0,55,7,62,3,3,6,88,39,127
GALATASARAY UNIVERSITESI,DEVLET,ISTANBUL,2016_2017,0,0,0,0,0,0,0,0,0,0,0,0,65,105,170,77,131,208,142,236,378
GAZI UNIVERSITESI,DEVLET,ANKARA,2016_2017,8,6,14,20,51,71,0,0,0,0,3,3,10,14,24,27,42,69,65,116,181
GAZIANTEP UNIVERSITESI,DEVLET,GAZIANTEP,2016_2017,16,25,41,35,37,72,0,0,0,0,0,0,3,9,12,0,0,0,54,71,125
GEBZE TEKNIK UNIVERSITESI,DEVLET,KOCAELI,2016_2017,0,0,0,0,0,0,0,0,0,0,0,0,1,0,1,0,0,0,1,0,1
GIRESUN UNIVERSITESI,DEVLET,GIRESUN,2016_2017,11,30,41,2,6,8,0,0,0,0,0,0,0,0,0,7,5,12,20,41,61
GUMUSHANE UNIVERSITESI,DEVLET,GUMUSHANE,2016_2017,10,12,22,0,0,0,0,0,0,4,0,4,5,1,6,1,0,1,20,13,33
HACETTEPE UNIVERSITESI,DEVLET,ANKARA,2016_2017,7,13,20,18,67,85,0,0,0,0,0,0,61,118,179,3,13,16,89,211,300
HAKKARI UNIVERSITESI,DEVLET,HAKKARI,2016_2017,0,3,3,0,0,0,0,0,0,0,0,0,0,0,0,0,0,0,0,3,3
HALIC UNIVERSITESI,VAKIF,ISTANBUL,2016_2017,0,0,0,0,0,0,0,0,0,0,0,0,0,0,0,11,7,18,11,7,18
HARRAN UNIVERSITESI,DEVLET,SANLIURFA,2016_2017,6,6,12,9,31,40,0,0,0,0,0,0,0,0,0,0,0,0,15,37,52
HASAN KALYONCU UNIVERSITESI,VAKIF,GAZIANTEP,2016_2017,0,0,0,0,0,0,0,0,0,0,0,0,0,0,0,0,0,0,0,0,0
HATAY MUSTAFA KEMAL UNIVERSITESI,DEVLET,HATAY,2016_2017,15,14,29,15,22,37,0,0,0,0,0,0,15,16,31,3,1,4,48,53,101
HITIT UNIVERSITESI,DEVLET,CORUM,2016_2017,16,11,27,2,2,4,0,0,0,0,3,3,0,0,0,2,0,2,20,16,36
IGDIR UNIVERSITESI,DEVLET,IGDIR,2016_2017,3,2,5,0,0,0,0,0,0,0,0,0,0,0,0,0,0,0,3,2,5
ISIK UNIVERSITESI,VAKIF,ISTANBUL,2016_2017,0,0,0,0,0,0,0,0,0,0,0,0,16,26,42,1,4,5,17,30,47
IHSAN DOGRAMACI BILKENT UNIVERSITESI,VAKIF,ANKARA,2016_2017,0,0,0,0,0,0,0,0,0,0,0,0,65,93,158,7,6,13,72,99,171
INONU UNIVERSITESI,DEVLET,MALATYA,2016_2017,18,26,44,49,48,97,0,0,0,0,1,1,0,0,0,1,1,2,68,76,144
ISKENDERUN TEKNIK UNIVERSITESI,DEVLET,HATAY,2016_2017,1,0,1,0,0,0,0,0,0,0,0,0,0,0,0,0,0,0,1,0,1
ISTANBUL AREL UNIVERSITESI,VAKIF,ISTANBUL,2016_2017,0,0,0,0,0,0,0,0,0,0,0,0,0,0,0,4,2,6,4,2,6
ISTANBUL AYDIN UNIVERSITESI,VAKIF,ISTANBUL,2016_2017,0,0,0,0,0,0,0,0,0,0,1,1,11,5,16,14,23,37,25,29,54
ISTANBUL AYVANSARAY UNIVERSITESI,VAKIF,ISTANBUL,2016_2017,0,0,0,0,0,0,0,0,0,0,0,0,0,0,0,0,1,1,0,1,1
ISTANBUL BILGI UNIVERSITESI,VAKIF,ISTANBUL,2016_2017,0,0,0,0,0,0,0,0,0,0,0,0,47,106,153,23,26,49,70,132,202
ISTANBUL ESENYURT UNIVERSITESI,VAKIF,ISTANBUL,2016_2017,0,0,0,0,0,0,0,0,0,0,0,0,4,4,8,0,0,0,4,4,8
ISTANBUL GEDIK UNIVERSITESI,VAKIF,ISTANBUL,2016_2017,0,0,0,0,0,0,0,0,0,0,0,0,2,3,5,0,1,1,2,4,6
ISTANBUL GELISIM UNIVERSITESI,VAKIF,ISTANBUL,2016_2017,0,0,0,0,0,0,0,0,0,0,0,0,8,9,17,1,2,3,9,11,20
ISTANBUL KULTUR UNIVERSITESI,VAKIF,ISTANBUL,2016_2017,0,0,0,0,0,0,1,3,4,0,0,0,14,19,33,14,13,27,29,35,64
ISTANBUL MEDENIYET UNIVERSITESI,DEVLET,ISTANBUL,2016_2017,0,0,0,0,2,2,0,0,0,0,0,0,0,0,0,0,0,0,0,2,2
ISTANBUL MEDIPOL UNIVERSITESI,VAKIF,ISTANBUL,2016_2017,0,0,0,0,0,0,0,0,0,0,0,0,8,4,12,3,2,5,11,6,17
ISTANBUL OKAN UNIVERSITESI,VAKIF,ISTANBUL,2016_2017,0,0,0,0,0,0,0,0,0,0,0,0,0,0,0,2,3,5,2,3,5
ISTANBUL SABAHATTIN ZAIM UNIVERSITESI,VAKIF,ISTANBUL,2016_2017,0,0,0,0,0,0,0,0,0,0,0,0,0,0,0,2,1,3,2,1,3
ISTANBUL SEHIR UNIVERSITESI,VAKIF,ISTANBUL,2016_2017,0,0,0,0,0,0,0,0,0,0,0,0,22,20,42,11,14,25,33,34,67
ISTANBUL SISLI MESLEK YUKSEKOKULU,VAKIF MYO,ISTANBUL,2016_2017,0,0,0,0,0,0,0,0,0,0,0,0,1,1,2,1,0,1,2,1,3
ISTANBUL TEKNIK UNIVERSITESI,DEVLET,ISTANBUL,2016_2017,0,0,0,0,0,0,0,0,0,1,0,1,0,1,1,182,210,392,183,211,394
ISTANBUL TICARET UNIVERSITESI,VAKIF,ISTANBUL,2016_2017,0,0,0,0,0,0,0,0,0,0,0,0,37,16,53,14,11,25,51,27,78
ISTANBUL UNIVERSITESI,DEVLET,ISTANBUL,2016_2017,6,6,12,68,111,179,2,0,2,3,20,23,33,40,73,37,34,71,149,211,360
ISTANBUL YENI YUZYIL UNIVERSITESI,VAKIF,ISTANBUL,2016_2017,0,0,0,0,0,0,0,0,0,0,0,0,0,0,0,5,9,14,5,9,14
ISTANBUL 29 MAYIS UNIVERSITESI,VAKIF,ISTANBUL,2016_2017,0,0,0,0,0,0,0,0,0,0,0,0,1,2,3,2,1,3,3,3,6
IZMIR EKONOMI UNIVERSITESI,VAKIF,IZMIR,2016_2017,0,0,0,0,0,0,0,0,0,0,0,0,21,42,63,6,4,10,27,46,73
IZMIR KATIP CELEBI UNIVERSITESI,DEVLET,IZMIR,2016_2017,2,0,2,3,2,5,0,0,0,1,1,2,8,4,12,3,6,9,17,13,30
IZMIR YUKSEK TEKNOLOJI ENSTITUSU,DEVLET,IZMIR,2016_2017,0,0,0,0,0,0,0,0,0,0,0,0,4,4,8,2,1,3,6,5,11
KADIR HAS UNIVERSITESI,VAKIF,ISTANBUL,2016_2017,0,0,0,0,0,0,0,0,0,0,0,0,0,0,0,3,5,8,3,5,8
KAFKAS UNIVERSITESI,DEVLET,KARS,2016_2017,36,30,66,1,6,7,0,0,0,0,0,0,0,0,0,0,0,0,37,36,73
KAHRAMANMARAS SUTCU IMAM UNIVERSITESI,DEVLET,KAHRAMANMARAS,2016_2017,8,12,20,14,24,38,0,0,0,0,1,1,11,7,18,0,1,1,33,45,78
KARABUK UNIVERSITESI,DEVLET,KARABUK,2016_2017,16,18,34,1,3,4,1,0,1,9,4,13,19,8,27,0,1,1,46,34,80
KARADENIZ TEKNIK UNIVERSITESI,DEVLET,TRABZON,2016_2017,23,49,72,15,29,44,0,1,1,1,0,1,12,2,14,12,4,16,63,85,148
KARAMANOGLU MEHMETBEY UNIVERSITESI,DEVLET,KARAMAN,2016_2017,7,12,19,3,0,3,0,0,0,0,0,0,1,0,1,0,0,0,11,12,23
KASTAMONU UNIVERSITESI,DEVLET,KASTAMONU,2016_2017,12,42,54,1,6,7,2,2,4,2,3,5,1,1,2,0,0,0,18,54,72
KIRIKKALE UNIVERSITESI,DEVLET,KIRIKKALE,2016_2017,6,16,22,11,14,25,0,0,0,3,5,8,3,4,7,0,4,4,23,43,66
KIRKLARELI UNIVERSITESI,DEVLET,KIRKLARELI,2016_2017,12,13,25,0,0,0,0,0,0,0,0,0,15,7,22,0,7,7,27,27,54
KIRSEHIR AHI EVRAN UNIVERSITESI,DEVLET,KIRSEHIR,2016_2017,12,18,30,1,7,8,0,0,0,0,0,0,4,1,5,0,1,1,17,27,44
KILIS 7 ARALIK UNIVERSITESI,DEVLET,KILIS,2016_2017,13,28,41,2,5,7,0,0,0,0,0,0,6,3,9,0,0,0,21,36,57
KOCAELI UNIVERSITESI,DEVLET,KOCAELI,2016_2017,15,24,39,29,44,73,0,0,0,0,0,0,32,42,74,7,5,12,83,115,198
KOC UNIVERSITESI,VAKIF,ISTANBUL,2016_2017,0,0,0,0,0,0,0,0,0,0,0,0,1,0,1,11,3,14,12,3,15
KTO KARATAY UNIVERSITESI,VAKIF,KONYA,2016_2017,0,0,0,0,0,0,0,0,0,0,0,0,14,4,18,0,0,0,14,4,18
KUTAHYA DUMLUPINAR UNIVERSITESI,DEVLET,KUTAHYA,2016_2017,21,44,65,5,6,11,0,0,0,0,0,0,5,2,7,5,1,6,36,53,89
MALTEPE UNIVERSITESI,VAKIF,ISTANBUL,2016_2017,0,0,0,0,0,0,0,0,0,0,0,0,7,8,15,20,41,61,27,49,76
MANISA CELÂL BAYAR UNIVERSITESI,DEVLET,MANISA,2016_2017,7,12,19,9,12,21,0,0,0,0,0,0,0,0,0,6,5,11,22,29,51
MARDIN ARTUKLU UNIVERSITESI,DEVLET,MARDIN,2016_2017,2,0,2,1,0,1,0,0,0,0,0,0,0,0,0,0,0,0,3,0,3
MARMARA UNIVERSITESI,DEVLET,ISTANBUL,2016_2017,4,3,7,31,51,82,0,0,0,33,74,107,5,0,5,297,445,742,370,573,943
MEF UNIVERSITESI,VAKIF,ISTANBUL,2016_2017,0,0,0,0,0,0,0,0,0,0,0,0,3,0,3,0,0,0,3,0,3
MERSIN UNIVERSITESI,DEVLET,MERSIN,2016_2017,8,20,28,13,17,30,0,0,0,0,1,1,18,25,43,11,5,16,50,68,118
MIMAR SINAN GUZEL SANATLAR UNIVERSITESI,DEVLET,ISTANBUL,2016_2017,0,2,2,6,10,16,0,0,0,0,0,0,1,0,1,0,0,0,7,12,19
MUGLA SITKI KOCMAN UNIVERSITESI,DEVLET,MUGLA,2016_2017,17,33,50,25,32,57,0,0,0,0,0,0,5,0,5,0,1,1,47,66,113
MUNZUR UNIVERSITESI,DEVLET,TUNCELI,2016_2017,9,4,13,0,0,0,0,0,0,0,0,0,0,0,0,0,0,0,9,4,13
MUS ALPARSLAN UNIVERSITESI,DEVLET,MUS,2016_2017,5,19,24,3,3,6,0,0,0,0,0,0,0,0,0,0,0,0,8,22,30
NECMETTIN ERBAKAN UNIVERSITESI,DEVLET,KONYA,2016_2017,17,20,37,6,16,22,1,1,2,1,1,2,14,2,16,0,0,0,39,40,79
NEVSEHIR HACI BEKTAS VELI UNIVERSITESI,DEVLET,NEVSEHIR,2016_2017,7,18,25,2,7,9,0,0,0,0,0,0,0,0,0,0,0,0,9,25,34
NIGDE OMER HALISDEMIR UNIVERSITESI,DEVLET,NIGDE,2016_2017,8,16,24,9,8,17,0,0,0,0,0,0,1,0,1,0,0,0,18,24,42
NISANTASI UNIVERSITESI,VAKIF,ISTANBUL,2016_2017,0,0,0,0,0,0,0,0,0,0,0,0,0,0,0,10,10,20,10,10,20
NUH NACI YAZGAN UNIVERSITESI,VAKIF,KAYSERI,2016_2017,0,0,0,0,0,0,0,0,0,0,0,0,0,0,0,0,0,0,0,0,0
ONDOKUZ MAYIS UNIVERSITESI,DEVLET,SAMSUN,2016_2017,12,20,32,44,84,128,0,0,0,13,13,26,0,0,0,22,25,47,91,142,233
ORDU UNIVERSITESI,DEVLET,ORDU,2016_2017,5,20,25,2,4,6,0,0,0,0,0,0,0,0,0,0,0,0,7,24,31
ORTA DOGU TEKNIK UNIVERSITESI,DEVLET,ANKARA,2016_2017,0,0,0,0,0,0,0,2,2,1,0,1,94,141,235,18,23,41,113,166,279
OSMANIYE KORKUT ATA UNIVERSITESI,DEVLET,OSMANIYE,2016_2017,4,5,9,4,2,6,0,0,0,0,0,0,16,8,24,0,0,0,24,15,39
OZYEGIN UNIVERSITESI,VAKIF,ISTANBUL,2016_2017,0,0,0,0,0,0,0,0,0,0,0,0,15,32,47,3,1,4,18,33,51
PAMUKKALE UNIVERSITESI,DEVLET,DENIZLI,2016_2017,31,39,70,24,29,53,0,0,0,0,1,1,0,0,0,15,24,39,70,93,163
PIRI REIS UNIVERSITESI,VAKIF,ISTANBUL,2016_2017,0,0,0,0,0,0,0,0,0,0,0,0,0,0,0,5,3,8,5,3,8
RECEP TAYYIP ERDOGAN UNIVERSITESI,DEVLET,RIZE,2016_2017,16,27,43,3,6,9,0,0,0,4,2,6,4,1,5,0,2,2,27,38,65
SABANCI UNIVERSITESI,VAKIF,ISTANBUL,2016_2017,0,0,0,0,0,0,0,0,0,0,0,0,75,54,129,62,65,127,137,119,256
SAKARYA UNIVERSITESI,DEVLET,SAKARYA,2016_2017,11,22,33,27,43,70,0,0,0,17,18,35,5,7,12,11,13,24,71,103,174
SELCUK UNIVERSITESI,DEVLET,KONYA,2016_2017,17,31,48,20,27,47,0,0,0,3,3,6,1,0,1,21,20,41,62,81,143
SIIRT UNIVERSITESI,DEVLET,SIIRT,2016_2017,8,8,16,11,5,16,0,0,0,0,0,0,0,0,0,0,0,0,19,13,32
SINOP UNIVERSITESI,DEVLET,SINOP,2016_2017,6,18,24,0,1,1,0,0,0,0,0,0,4,0,4,0,1,1,10,20,30
SIVAS CUMHURIYET UNIVERSITESI,DEVLET,SIVAS,2016_2017,10,28,38,9,16,25,0,0,0,0,0,0,0,0,0,0,0,0,19,44,63
SULEYMAN DEMIREL UNIVERSITESI,DEVLET,ISPARTA,2016_2017,23,28,51,19,27,46,1,0,1,0,0,0,37,35,72,0,0,0,80,90,170
SIRNAK UNIVERSITESI,DEVLET,SIRNAK,2016_2017,1,0,1,0,0,0,0,0,0,0,0,0,0,0,0,0,0,0,1,0,1
TED UNIVERSITESI,VAKIF,ANKARA,2016_2017,0,0,0,0,0,0,0,0,0,0,0,0,0,0,0,2,0,2,2,0,2
TEKIRDAG NAMIK KEMAL UNIVERSITESI,DEVLET,TEKIRDAG,2016_2017,3,12,15,3,5,8,0,0,0,0,0,0,7,11,18,0,1,1,13,29,42
TOBB EKONOMI VE TEKNOLOJI UNIVERSITESI,VAKIF,ANKARA,2016_2017,0,0,0,0,0,0,0,0,0,0,0,0,32,56,88,2,0,2,34,56,90
TOKAT GAZIOSMANPASA UNIVERSITESI,DEVLET,TOKAT,2016_2017,20,36,56,5,6,11,0,0,0,0,0,0,15,15,30,0,0,0,40,57,97
TOROS UNIVERSITESI,VAKIF,MERSIN,2016_2017,0,0,0,0,0,0,0,0,0,0,0,0,5,5,10,0,0,0,5,5,10
TRAKYA UNIVERSITESI,DEVLET,EDIRNE,2016_2017,8,19,27,6,11,17,1,2,3,0,3,3,3,5,8,3,2,5,21,42,63
TURK HAVA KURUMU UNIVERSITESI,VAKIF,ANKARA,2016_2017,0,0,0,0,0,0,0,0,0,0,0,0,0,0,0,0,0,0,0,0,0
TURK-ALMAN UNIVERSITESI,DEVLET,ISTANBUL,2016_2017,0,0,0,0,0,0,0,0,0,0,0,0,1,2,3,0,1,1,1,3,4
UFUK UNIVERSITESI,VAKIF,ANKARA,2016_2017,0,0,0,0,0,0,0,0,0,0,0,0,0,1,1,0,0,0,0,1,1
USAK UNIVERSITESI,DEVLET,USAK,2016_2017,12,14,26,10,8,18,0,0,0,0,0,0,11,4,15,0,0,0,33,26,59
USKUDAR UNIVERSITESI,VAKIF,ISTANBUL,2016_2017,0,0,0,0,0,0,0,0,0,0,0,0,3,3,6,1,6,7,4,9,13
VAN YUZUNCU YIL UNIVERSITESI,DEVLET,VAN,2016_2017,15,17,32,11,16,27,0,0,0,0,0,0,0,0,0,4,5,9,30,38,68
YALOVA UNIVERSITESI,DEVLET,YALOVA,2016_2017,4,6,10,3,2,5,0,0,0,0,0,0,0,0,0,1,2,3,8,10,18
YASAR UNIVERSITESI,VAKIF,IZMIR,2016_2017,0,0,0,0,0,0,0,0,0,0,0,0,0,0,0,6,15,21,6,15,21
YEDITEPE UNIVERSITESI,VAKIF,ISTANBUL,2016_2017,0,0,0,0,0,0,0,0,0,0,0,0,0,0,0,50,57,107,50,57,107
YILDIZ TEKNIK UNIVERSITESI,DEVLET,ISTANBUL,2016_2017,2,2,4,30,81,111,3,0,3,0,0,0,176,183,359,26,28,54,237,294,531
YOZGAT BOZOK UNIVERSITESI,DEVLET,YOZGAT,2016_2017,4,11,15,0,3,3,0,0,0,0,0,0,0,0,0,0,0,0,4,14,18
ZONGULDAK BULENT ECEVIT UNIVERSITESI,DEVLET,ZONGULDAK,2016_2017,13,63,76,4,6,10,0,0,0,0,0,0,7,1,8,0,0,0,24,70,94
ABDULLAH GUL UNIVERSITESI,DEVLET,KAYSERI,2015_2016,0,0,0,0,0,0,0,0,0,0,0,0,0,0,0,0,0,0,0,0,0
ACIBADEM MEHMET ALI AYDINLAR UNIVERSITESI,VAKIF,ISTANBUL,2015_2016,0,0,0,0,0,0,0,0,0,0,0,0,0,0,0,3,1,4,3,1,4
ADANA ALPARSLAN TURKES BILIM VE TEKNOLOJI UNIVERSITESI,DEVLET,ADANA,2015_2016,0,0,0,0,0,0,0,0,0,0,0,0,2,1,3,0,0,0,2,1,3
ADIYAMAN UNIVERSITESI,DEVLET,ADIYAMAN,2015_2016,4,11,15,3,14,17,0,0,0,0,0,0,0,0,0,0,2,2,7,27,34
AFYON KOCATEPE UNIVERSITESI,DEVLET,AFYON,2015_2016,30,33,63,15,20,35,0,0,0,5,2,7,0,0,0,3,1,4,53,56,109
AGRI IBRAHIM CECEN UNIVERSITESI,DEVLET,AGRI,2015_2016,39,38,77,9,2,11,0,0,0,0,0,0,0,0,0,0,1,1,48,41,89
AKDENIZ UNIVERSITESI,DEVLET,ANTALYA,2015_2016,27,16,43,30,56,86,0,0,0,16,42,58,0,0,0,27,34,61,100,148,248
AKSARAY UNIVERSITESI,DEVLET,AKSARAY,2015_2016,31,56,87,4,13,17,0,0,0,0,0,0,0,0,0,0,0,0,35,69,104
ALANYA ALAADDIN KEYKUBAT UNIVERSITESI,DEVLET,ANTALYA,2015_2016,0,0,0,0,0,0,0,0,0,0,0,0,0,0,0,0,0,0,0,0,0
ALTINBAS UNIVERSITESI,VAKIF,ISTANBUL,2015_2016,0,0,0,0,1,1,0,0,0,0,0,0,0,0,0,18,6,24,18,7,25
AMASYA UNIVERSITESI,DEVLET,AMASYA,2015_2016,8,23,31,8,12,20,0,0,0,0,0,0,0,0,0,0,0,0,16,35,51
ANADOLU UNIVERSITESI,DEVLET,ESKISEHIR,2015_2016,9,33,42,32,51,83,0,0,0,1,2,3,0,0,0,22,7,29,64,93,157
ANKARA UNIVERSITESI,DEVLET,ANKARA,2015_2016,11,15,26,17,51,68,0,0,0,1,3,4,0,0,0,54,15,69,83,84,167
ANKARA YILDIRIM BEYAZIT UNIVERSITESI,DEVLET,ANKARA,2015_2016,0,0,0,0,0,0,0,0,0,0,1,1,0,0,0,2,1,3,2,2,4
ANTALYA BILIM UNIVERSITESI,VAKIF,ANTALYA,2015_2016,0,0,0,0,0,0,0,0,0,0,0,0,0,0,0,1,0,1,1,0,1
ARDAHAN UNIVERSITESI,DEVLET,ARDAHAN,2015_2016,12,7,19,0,0,0,0,0,0,0,1,1,0,0,0,0,0,0,12,8,20
ARTVIN CORUH UNIVERSITESI,DEVLET,ARTVIN,2015_2016,16,28,44,1,0,1,0,0,0,0,2,2,0,0,0,0,0,0,17,30,47
ATATURK UNIVERSITESI,DEVLET,ERZURUM,2015_2016,55,55,110,17,21,38,0,0,0,0,0,0,0,0,0,0,0,0,72,76,148
ATILIM UNIVERSITESI,VAKIF,ANKARA,2015_2016,0,0,0,0,0,0,0,0,0,0,0,0,0,0,0,1,0,1,1,0,1
AYDIN ADNAN MENDERES UNIVERSITESI,DEVLET,AYDIN,2015_2016,3,20,23,15,36,51,0,0,0,0,0,0,0,0,0,0,0,0,18,56,74
BAHCESEHIR UNIVERSITESI,VAKIF,ISTANBUL,2015_2016,0,0,0,1,3,4,0,0,0,0,0,0,0,0,0,54,53,107,55,56,111
BALIKESIR UNIVERSITESI,DEVLET,BALIKESIR,2015_2016,13,26,39,10,18,28,0,0,0,0,0,0,0,0,0,0,3,3,23,47,70
BANDIRMA ONYEDI EYLUL UNIVERSITESI,DEVLET,BALIKESIR,2015_2016,0,0,0,0,0,0,0,0,0,0,0,0,0,0,0,0,0,0,0,0,0
BARTIN UNIVERSITESI,DEVLET,BARTIN,2015_2016,10,13,23,1,4,5,0,0,0,0,0,0,0,0,0,1,4,5,12,21,33
BASKENT UNIVERSITESI,VAKIF,ANKARA,2015_2016,0,0,0,3,4,7,0,0,0,0,0,0,0,0,0,6,3,9,9,7,16
BATMAN UNIVERSITESI,DEVLET,BATMAN,2015_2016,2,6,8,3,1,4,0,0,0,0,0,0,0,0,0,0,0,0,5,7,12
BAYBURT UNIVERSITESI,DEVLET,BAYBURT,2015_2016,0,0,0,0,0,0,0,0,0,0,0,0,0,0,0,0,0,0,0,0,0
BEYKENT UNIVERSITESI,VAKIF,ISTANBUL,2015_2016,1,1,2,8,6,14,0,0,0,0,5,5,0,0,0,22,16,38,31,28,59
BEYKOZ UNIVERSITESI,VAKIF,ISTANBUL,2015_2016,0,0,0,0,0,0,0,0,0,0,0,0,0,0,0,0,0,0,0,0,0
BEZM-I ÂLEM VAKIF UNIVERSITESI,VAKIF,ISTANBUL,2015_2016,0,2,2,1,2,3,0,0,0,0,0,0,2,2,4,1,1,2,4,7,11
BILECIK SEYH EDEBALI UNIVERSITESI,DEVLET,BILECIK,2015_2016,6,17,23,0,1,1,0,0,0,0,0,0,0,0,0,1,0,1,7,18,25
BINGOL UNIVERSITESI,DEVLET,BINGOL,2015_2016,7,8,15,1,1,2,0,0,0,0,0,0,0,0,0,0,0,0,8,9,17
BIRUNI UNIVERSITESI,VAKIF,ISTANBUL,2015_2016,0,0,0,0,0,0,0,0,0,0,0,0,0,0,0,0,0,0,0,0,0
BITLIS EREN UNIVERSITESI,DEVLET,BITLIS,2015_2016,1,3,4,2,1,3,0,0,0,0,0,0,0,0,0,0,0,0,3,4,7
BOGAZICI UNIVERSITESI,DEVLET,ISTANBUL,2015_2016,0,0,0,0,0,0,0,0,0,0,0,0,97,165,262,111,77,188,208,242,450
BOLU ABANT IZZET BAYSAL UNIVERSITESI,DEVLET,BOLU,2015_2016,20,32,52,7,20,27,0,0,0,0,0,0,0,0,0,19,6,25,46,58,104
BURDUR MEHMET AKIF ERSOY UNIVERSITESI,DEVLET,BURDUR,2015_2016,10,22,32,8,12,20,0,0,0,0,0,0,0,0,0,7,1,8,25,35,60
BURSA TEKNIK UNIVERSITESI,DEVLET,BURSA,2015_2016,0,0,0,0,0,0,0,0,0,0,0,0,0,0,0,0,0,0,0,0,0
BURSA ULUDAG UNIVERSITESI,DEVLET,BURSA,2015_2016,17,33,50,57,127,184,0,0,0,0,0,0,0,0,0,16,6,22,90,166,256
CAG UNIVERSITESI,VAKIF,MERSIN,2015_2016,0,0,0,0,0,0,0,0,0,0,0,0,0,0,0,1,3,4,1,3,4
CANAKKALE ONSEKIZ MART UNIVERSITESI,DEVLET,CANAKKALE,2015_2016,7,43,50,11,13,24,0,0,0,1,0,1,0,0,0,51,34,85,70,90,160
CANKAYA UNIVERSITESI,VAKIF,ANKARA,2015_2016,0,0,0,0,0,0,0,0,0,0,0,0,0,0,0,1,0,1,1,0,1
CANKIRI KARATEKIN UNIVERSITESI,DEVLET,CANKIRI,2015_2016,9,11,20,1,0,1,0,0,0,0,0,0,0,0,0,0,0,0,10,11,21
CUKUROVA UNIVERSITESI,DEVLET,ADANA,2015_2016,9,27,36,42,55,97,0,0,0,1,3,4,0,0,0,0,0,0,52,85,137
DEMIROGLU BILIM UNIVERSITESI,VAKIF,ISTANBUL,2015_2016,0,0,0,0,0,0,0,0,0,0,0,0,0,0,0,0,2,2,0,2,2
DICLE UNIVERSITESI,DEVLET,DIYARBAKIR,2015_2016,7,16,23,38,40,78,0,0,0,0,0,0,0,0,0,1,4,5,46,60,106
DOGUS UNIVERSITESI,VAKIF,ISTANBUL,2015_2016,0,2,2,0,1,1,0,0,0,0,0,0,24,12,36,16,10,26,40,25,65
DOKUZ EYLUL UNIVERSITESI,DEVLET,IZMIR,2015_2016,14,16,30,35,62,97,0,0,0,0,0,0,0,0,0,47,30,77,96,108,204
DUZCE UNIVERSITESI,DEVLET,DUZCE,2015_2016,2,13,15,3,4,7,0,0,0,1,1,2,0,0,0,0,0,0,6,18,24
EGE UNIVERSITESI,DEVLET,IZMIR,2015_2016,0,0,0,5,11,16,0,0,0,0,0,0,0,0,0,100,58,158,105,69,174
ERCIYES UNIVERSITESI,DEVLET,KAYSERI,2015_2016,28,53,81,41,52,93,0,1,1,0,3,3,0,0,0,0,0,0,69,109,178
ERZINCAN BINALI YILDIRIM UNIVERSITESI,DEVLET,ERZINCAN,2015_2016,30,43,73,3,4,7,0,0,0,0,6,6,0,0,0,1,0,1,34,53,87
ERZURUM TEKNIK UNIVERSITESI,DEVLET,ERZURUM,2015_2016,5,3,8,2,0,2,0,0,0,0,0,0,26,1,27,0,0,0,33,4,37
ESKISEHIR OSMANGAZI UNIVERSITESI,DEVLET,ESKISEHIR,2015_2016,20,27,47,35,57,92,0,0,0,0,0,0,0,0,0,0,0,0,55,84,139
FATIH SULTAN MEHMET VAKIF UNIVERSITESI,VAKIF,ISTANBUL,2015_2016,0,0,0,1,0,1,0,0,0,0,0,0,0,0,0,0,1,1,1,1,2
FIRAT UNIVERSITESI,DEVLET,ELAZIG,2015_2016,11,16,27,16,25,41,0,0,0,0,0,0,0,0,0,3,1,4,30,42,72
GALATASARAY UNIVERSITESI,DEVLET,ISTANBUL,2015_2016,0,0,0,0,0,0,0,0,0,0,0,0,37,67,104,78,46,124,115,113,228
GAZI UNIVERSITESI,DEVLET,ANKARA,2015_2016,11,24,35,25,62,87,0,0,0,4,15,19,0,0,0,39,23,62,79,124,203
GAZIANTEP UNIVERSITESI,DEVLET,GAZIANTEP,2015_2016,23,31,54,34,48,82,0,0,0,0,0,0,0,0,0,0,0,0,57,79,136
GEBZE TEKNIK UNIVERSITESI,DEVLET,KOCAELI,2015_2016,0,0,0,0,0,0,0,0,0,0,0,0,0,0,0,0,0,0,0,0,0
GIRESUN UNIVERSITESI,DEVLET,GIRESUN,2015_2016,24,46,70,4,6,10,0,0,0,0,0,0,0,0,0,5,7,12,33,59,92
GUMUSHANE UNIVERSITESI,DEVLET,GUMUSHANE,2015_2016,16,18,34,0,1,1,0,0,0,4,0,4,0,0,0,0,1,1,20,20,40
HACETTEPE UNIVERSITESI,DEVLET,ANKARA,2015_2016,4,13,17,21,77,98,0,0,0,1,1,2,0,0,0,29,10,39,55,101,156
HAKKARI UNIVERSITESI,DEVLET,HAKKARI,2015_2016,1,1,2,0,0,0,0,0,0,0,0,0,0,0,0,0,0,0,1,1,2
HALIC UNIVERSITESI,VAKIF,ISTANBUL,2015_2016,0,0,0,0,0,0,0,0,0,0,0,0,0,0,0,0,0,0,0,0,0
HARRAN UNIVERSITESI,DEVLET,SANLIURFA,2015_2016,10,11,21,22,15,37,0,0,0,0,0,0,0,0,0,0,0,0,32,26,58
HASAN KALYONCU UNIVERSITESI,VAKIF,GAZIANTEP,2015_2016,0,0,0,0,0,0,0,0,0,0,0,0,0,0,0,0,0,0,0,0,0
HATAY MUSTAFA KEMAL UNIVERSITESI,DEVLET,HATAY,2015_2016,34,20,54,22,20,42,0,0,0,0,0,0,0,0,0,6,0,6,62,40,102
HITIT UNIVERSITESI,DEVLET,CORUM,2015_2016,7,14,21,4,7,11,0,0,0,0,1,1,1,0,1,2,1,3,14,23,37
IGDIR UNIVERSITESI,DEVLET,IGDIR,2015_2016,7,1,8,1,1,2,0,0,0,0,0,0,0,0,0,0,0,0,8,2,10
ISIK UNIVERSITESI,VAKIF,ISTANBUL,2015_2016,0,0,0,0,0,0,0,0,0,0,0,0,1,1,2,3,3,6,4,4,8
IHSAN DOGRAMACI BILKENT UNIVERSITESI,VAKIF,ANKARA,2015_2016,0,0,0,0,0,0,0,0,0,0,0,0,76,122,198,36,30,66,112,152,264
INONU UNIVERSITESI,DEVLET,MALATYA,2015_2016,25,39,64,49,75,124,0,0,0,1,5,6,0,0,0,3,1,4,78,120,198
ISKENDERUN TEKNIK UNIVERSITESI,DEVLET,HATAY,2015_2016,0,0,0,0,0,0,0,0,0,0,0,0,0,0,0,0,0,0,0,0,0
ISTANBUL AREL UNIVERSITESI,VAKIF,ISTANBUL,2015_2016,0,0,0,1,2,3,0,0,0,0,0,0,0,0,0,34,33,67,35,35,70
ISTANBUL AYDIN UNIVERSITESI,VAKIF,ISTANBUL,2015_2016,0,5,5,8,12,20,0,0,0,0,0,0,0,0,0,40,38,78,48,55,103
ISTANBUL AYVANSARAY UNIVERSITESI,VAKIF,ISTANBUL,2015_2016,0,0,0,0,0,0,0,0,0,0,0,0,0,0,0,1,0,1,1,0,1
ISTANBUL BILGI UNIVERSITESI,VAKIF,ISTANBUL,2015_2016,0,0,0,0,0,0,0,0,0,0,0,0,49,85,134,81,74,155,130,159,289
ISTANBUL ESENYURT UNIVERSITESI,VAKIF,ISTANBUL,2015_2016,0,0,0,0,0,0,0,0,0,0,0,0,0,0,0,0,0,0,0,0,0
ISTANBUL GEDIK UNIVERSITESI,VAKIF,ISTANBUL,2015_2016,0,0,0,0,0,0,0,0,0,0,0,0,0,0,0,0,0,0,0,0,0
ISTANBUL GELISIM UNIVERSITESI,VAKIF,ISTANBUL,2015_2016,0,0,0,0,0,0,0,0,0,0,0,0,0,0,0,0,0,0,0,0,0
ISTANBUL KULTUR UNIVERSITESI,VAKIF,ISTANBUL,2015_2016,0,0,0,2,2,4,0,0,0,0,0,0,0,3,3,14,12,26,16,17,33
ISTANBUL MEDENIYET UNIVERSITESI,DEVLET,ISTANBUL,2015_2016,0,0,0,0,0,0,0,0,0,0,0,0,0,0,0,0,0,0,0,0,0
ISTANBUL MEDIPOL UNIVERSITESI,VAKIF,ISTANBUL,2015_2016,0,3,3,3,4,7,0,0,0,0,0,0,0,0,0,11,5,16,14,12,26
ISTANBUL OKAN UNIVERSITESI,VAKIF,ISTANBUL,2015_2016,3,2,5,4,2,6,0,0,0,0,0,0,0,0,0,13,11,24,20,15,35
ISTANBUL SABAHATTIN ZAIM UNIVERSITESI,VAKIF,ISTANBUL,2015_2016,0,0,0,2,2,4,0,0,0,0,0,0,0,0,0,5,5,10,7,7,14
ISTANBUL SEHIR UNIVERSITESI,VAKIF,ISTANBUL,2015_2016,0,0,0,0,0,0,0,0,0,0,0,0,0,0,0,26,12,38,26,12,38
ISTANBUL SISLI MESLEK YUKSEKOKULU,VAKIF MYO,ISTANBUL,2015_2016,0,0,0,0,0,0,0,0,0,0,0,0,3,3,6,0,1,1,3,4,7
ISTANBUL TEKNIK UNIVERSITESI,DEVLET,ISTANBUL,2015_2016,0,0,0,0,0,0,0,0,0,0,0,0,0,0,0,339,243,582,339,243,582
ISTANBUL TICARET UNIVERSITESI,VAKIF,ISTANBUL,2015_2016,0,0,0,3,5,8,0,0,0,0,0,0,0,0,0,16,15,31,19,20,39
ISTANBUL UNIVERSITESI,DEVLET,ISTANBUL,2015_2016,7,8,15,57,83,140,0,0,0,4,23,27,0,0,0,147,109,256,215,223,438
ISTANBUL YENI YUZYIL UNIVERSITESI,VAKIF,ISTANBUL,2015_2016,0,0,0,0,0,0,0,0,0,0,0,0,0,0,0,5,6,11,5,6,11
ISTANBUL 29 MAYIS UNIVERSITESI,VAKIF,ISTANBUL,2015_2016,0,0,0,0,0,0,0,0,0,0,0,0,0,0,0,4,2,6,4,2,6
IZMIR EKONOMI UNIVERSITESI,VAKIF,IZMIR,2015_2016,0,0,0,0,0,0,0,0,0,0,0,0,24,38,62,17,22,39,41,60,101
IZMIR KATIP CELEBI UNIVERSITESI,DEVLET,IZMIR,2015_2016,0,1,1,1,1,2,0,0,0,0,1,1,0,0,0,2,2,4,3,5,8
IZMIR YUKSEK TEKNOLOJI ENSTITUSU,DEVLET,IZMIR,2015_2016,0,0,0,0,0,0,0,0,0,0,0,0,0,0,0,0,3,3,0,3,3
KADIR HAS UNIVERSITESI,VAKIF,ISTANBUL,2015_2016,0,0,0,0,0,0,0,0,0,0,0,0,0,0,0,52,39,91,52,39,91
KAFKAS UNIVERSITESI,DEVLET,KARS,2015_2016,23,42,65,6,2,8,0,0,0,0,0,0,0,0,0,0,0,0,29,44,73
KAHRAMANMARAS SUTCU IMAM UNIVERSITESI,DEVLET,KAHRAMANMARAS,2015_2016,8,12,20,15,23,38,0,0,0,0,0,0,0,0,0,0,0,0,23,35,58
KARABUK UNIVERSITESI,DEVLET,KARABUK,2015_2016,12,10,22,2,4,6,5,4,9,4,9,13,55,18,73,3,4,7,81,49,130
KARADENIZ TEKNIK UNIVERSITESI,DEVLET,TRABZON,2015_2016,31,47,78,20,46,66,0,0,0,0,0,0,0,0,0,11,21,32,62,114,176
KARAMANOGLU MEHMETBEY UNIVERSITESI,DEVLET,KARAMAN,2015_2016,6,14,20,5,2,7,0,0,0,0,0,0,0,0,0,0,0,0,11,16,27
KASTAMONU UNIVERSITESI,DEVLET,KASTAMONU,2015_2016,30,67,97,3,5,8,0,0,0,2,5,7,0,0,0,0,0,0,35,77,112
KIRIKKALE UNIVERSITESI,DEVLET,KIRIKKALE,2015_2016,5,19,24,16,19,35,0,0,0,0,0,0,0,0,0,4,0,4,25,38,63
KIRKLARELI UNIVERSITESI,DEVLET,KIRKLARELI,2015_2016,19,34,53,1,2,3,0,0,0,3,2,5,0,0,0,2,0,2,25,38,63
KIRSEHIR AHI EVRAN UNIVERSITESI,DEVLET,KIRSEHIR,2015_2016,10,18,28,3,12,15,0,0,0,0,0,0,0,0,0,1,0,1,14,30,44
KILIS 7 ARALIK UNIVERSITESI,DEVLET,KILIS,2015_2016,11,27,38,7,11,18,0,0,0,0,0,0,0,0,0,0,0,0,18,38,56
KOCAELI UNIVERSITESI,DEVLET,KOCAELI,2015_2016,9,16,25,22,39,61,0,0,0,0,0,0,37,14,51,6,5,11,74,74,148
KOC UNIVERSITESI,VAKIF,ISTANBUL,2015_2016,0,0,0,0,0,0,0,0,0,0,0,0,0,0,0,137,98,235,137,98,235
KTO KARATAY UNIVERSITESI,VAKIF,KONYA,2015_2016,0,0,0,3,0,3,0,0,0,0,0,0,3,0,3,0,3,3,6,3,9
KUTAHYA DUMLUPINAR UNIVERSITESI,DEVLET,KUTAHYA,2015_2016,25,57,82,11,14,25,0,0,0,0,0,0,0,0,0,1,3,4,37,74,111
MALTEPE UNIVERSITESI,VAKIF,ISTANBUL,2015_2016,0,0,0,1,4,5,0,0,0,0,0,0,11,12,23,16,8,24,28,24,52
MANISA CELÂL BAYAR UNIVERSITESI,DEVLET,MANISA,2015_2016,6,21,27,8,19,27,0,0,0,0,0,0,0,0,0,5,6,11,19,46,65
MARDIN ARTUKLU UNIVERSITESI,DEVLET,MARDIN,2015_2016,0,3,3,3,3,6,0,0,0,0,0,0,0,0,0,0,0,0,3,6,9
MARMARA UNIVERSITESI,DEVLET,ISTANBUL,2015_2016,2,13,15,36,66,102,0,0,0,30,50,80,0,0,0,286,192,478,354,321,675
MEF UNIVERSITESI,VAKIF,ISTANBUL,2015_2016,0,0,0,0,0,0,0,0,0,0,0,0,0,0,0,0,0,0,0,0,0
MERSIN UNIVERSITESI,DEVLET,MERSIN,2015_2016,14,25,39,8,19,27,0,0,0,0,0,0,0,0,0,0,1,1,22,45,67
MIMAR SINAN GUZEL SANATLAR UNIVERSITESI,DEVLET,ISTANBUL,2015_2016,0,2,2,4,9,13,0,0,0,0,0,0,0,0,0,9,3,12,13,14,27
MUGLA SITKI KOCMAN UNIVERSITESI,DEVLET,MUGLA,2015_2016,34,45,79,24,42,66,0,0,0,0,0,0,0,0,0,1,0,1,59,87,146
MUNZUR UNIVERSITESI,DEVLET,TUNCELI,2015_2016,0,0,0,0,0,0,0,0,0,0,0,0,0,0,0,0,0,0,0,0,0
MUS ALPARSLAN UNIVERSITESI,DEVLET,MUS,2015_2016,14,13,27,5,4,9,0,0,0,0,0,0,0,0,0,0,0,0,19,17,36
NECMETTIN ERBAKAN UNIVERSITESI,DEVLET,KONYA,2015_2016,15,22,37,10,30,40,0,0,0,3,10,13,0,0,0,0,0,0,28,62,90
NEVSEHIR HACI BEKTAS VELI UNIVERSITESI,DEVLET,NEVSEHIR,2015_2016,12,15,27,2,9,11,0,0,0,0,0,0,0,0,0,0,0,0,14,24,38
NIGDE OMER HALISDEMIR UNIVERSITESI,DEVLET,NIGDE,2015_2016,0,0,0,0,0,0,0,0,0,0,0,0,0,0,0,0,0,0,0,0,0
NISANTASI UNIVERSITESI,VAKIF,ISTANBUL,2015_2016,0,0,0,0,0,0,0,0,0,0,0,0,0,0,0,7,0,7,7,0,7
NUH NACI YAZGAN UNIVERSITESI,VAKIF,KAYSERI,2015_2016,0,0,0,0,0,0,0,0,0,0,0,0,0,0,0,1,0,1,1,0,1
ONDOKUZ MAYIS UNIVERSITESI,DEVLET,SAMSUN,2015_2016,15,28,43,48,101,149,0,0,0,16,43,59,0,0,0,24,20,44,103,192,295
ORDU UNIVERSITESI,DEVLET,ORDU,2015_2016,12,10,22,4,9,13,0,0,0,0,0,0,0,0,0,0,0,0,16,19,35
ORTA DOGU TEKNIK UNIVERSITESI,DEVLET,ANKARA,2015_2016,0,0,0,0,0,0,2,5,7,0,0,0,84,162,246,9,6,15,95,173,268
OSMANIYE KORKUT ATA UNIVERSITESI,DEVLET,OSMANIYE,2015_2016,5,4,9,3,0,3,0,0,0,0,0,0,0,0,0,0,0,0,8,4,12
OZYEGIN UNIVERSITESI,VAKIF,ISTANBUL,2015_2016,0,0,0,0,0,0,0,0,0,0,0,0,0,0,0,11,11,22,11,11,22
PAMUKKALE UNIVERSITESI,DEVLET,DENIZLI,2015_2016,17,34,51,23,56,79,0,0,0,2,2,4,0,0,0,71,70,141,113,162,275
PIRI REIS UNIVERSITESI,VAKIF,ISTANBUL,2015_2016,0,0,0,0,0,0,0,0,0,0,0,0,0,0,0,5,13,18,5,13,18
RECEP TAYYIP ERDOGAN UNIVERSITESI,DEVLET,RIZE,2015_2016,15,45,60,4,6,10,0,0,0,4,2,6,0,0,0,2,0,2,25,53,78
SABANCI UNIVERSITESI,VAKIF,ISTANBUL,2015_2016,0,0,0,0,0,0,0,0,0,0,0,0,0,0,0,59,48,107,59,48,107
SAKARYA UNIVERSITESI,DEVLET,SAKARYA,2015_2016,9,9,18,33,37,70,0,0,0,1,5,6,9,1,10,4,9,13,56,61,117
SELCUK UNIVERSITESI,DEVLET,KONYA,2015_2016,38,57,95,29,34,63,0,0,0,0,0,0,0,0,0,9,7,16,76,98,174
SIIRT UNIVERSITESI,DEVLET,SIIRT,2015_2016,10,10,20,16,7,23,0,0,0,0,0,0,0,0,0,0,0,0,26,17,43
SINOP UNIVERSITESI,DEVLET,SINOP,2015_2016,5,33,38,1,2,3,0,0,0,0,0,0,0,0,0,0,0,0,6,35,41
SIVAS CUMHURIYET UNIVERSITESI,DEVLET,SIVAS,2015_2016,21,42,63,11,16,27,0,0,0,2,0,2,0,0,0,0,1,1,34,59,93
SULEYMAN DEMIREL UNIVERSITESI,DEVLET,ISPARTA,2015_2016,28,23,51,26,29,55,0,0,0,0,11,11,0,0,0,23,8,31,77,71,148
SIRNAK UNIVERSITESI,DEVLET,SIRNAK,2015_2016,7,1,8,1,0,1,0,0,0,0,0,0,0,0,0,0,0,0,8,1,9
TED UNIVERSITESI,VAKIF,ANKARA,2015_2016,0,0,0,0,0,0,0,0,0,0,0,0,0,0,0,1,4,5,1,4,5
TEKIRDAG NAMIK KEMAL UNIVERSITESI,DEVLET,TEKIRDAG,2015_2016,4,4,8,2,4,6,0,0,0,0,0,0,0,0,0,2,3,5,8,11,19
TOBB EKONOMI VE TEKNOLOJI UNIVERSITESI,VAKIF,ANKARA,2015_2016,0,0,0,0,0,0,0,0,0,0,0,0,31,48,79,0,0,0,31,48,79
TOKAT GAZIOSMANPASA UNIVERSITESI,DEVLET,TOKAT,2015_2016,32,39,71,2,10,12,0,0,0,0,0,0,0,0,0,1,1,2,35,50,85
TOROS UNIVERSITESI,VAKIF,MERSIN,2015_2016,1,1,2,0,0,0,0,0,0,0,0,0,0,0,0,1,0,1,2,1,3
TRAKYA UNIVERSITESI,DEVLET,EDIRNE,2015_2016,11,26,37,9,16,25,0,0,0,0,0,0,0,0,0,3,5,8,23,47,70
TURK HAVA KURUMU UNIVERSITESI,VAKIF,ANKARA,2015_2016,0,0,0,0,0,0,0,0,0,0,0,0,0,0,0,0,2,2,0,2,2
TURK-ALMAN UNIVERSITESI,DEVLET,ISTANBUL,2015_2016,0,0,0,0,0,0,0,0,0,0,0,0,0,0,0,0,0,0,0,0,0
UFUK UNIVERSITESI,VAKIF,ANKARA,2015_2016,0,0,0,0,0,0,0,0,0,0,0,0,0,0,0,0,0,0,0,0,0
USAK UNIVERSITESI,DEVLET,USAK,2015_2016,12,23,35,9,9,18,0,0,0,0,0,0,0,0,0,0,0,0,21,32,53
USKUDAR UNIVERSITESI,VAKIF,ISTANBUL,2015_2016,0,0,0,0,0,0,0,0,0,0,0,0,0,0,0,19,6,25,19,6,25
VAN YUZUNCU YIL UNIVERSITESI,DEVLET,VAN,2015_2016,24,30,54,13,21,34,0,0,0,0,0,0,0,0,0,5,4,9,42,55,97
YALOVA UNIVERSITESI,DEVLET,YALOVA,2015_2016,4,17,21,2,6,8,0,0,0,3,0,3,0,0,0,2,2,4,11,25,36
YASAR UNIVERSITESI,VAKIF,IZMIR,2015_2016,0,0,0,0,0,0,0,0,0,0,0,0,0,0,0,28,13,41,28,13,41
YEDITEPE UNIVERSITESI,VAKIF,ISTANBUL,2015_2016,0,0,0,0,3,3,0,0,0,0,0,0,0,0,0,0,2,2,0,5,5
YILDIZ TEKNIK UNIVERSITESI,DEVLET,ISTANBUL ,2015_2016,0,4,4,34,61,95,0,0,0,0,0,0,0,0,0,0,0,0,34,65,99
YOZGAT BOZOK UNIVERSITESI,DEVLET,YOZGAT,2015_2016,4,5,9,0,1,1,0,0,0,0,0,0,0,0,0,0,0,0,4,6,10
ZONGULDAK BULENT ECEVIT UNIVERSITESI,DEVLET,ZONGULDAK,2015_2016,20,63,83,3,9,12,0,0,0,0,1,1,0,0,0,0,0,0,23,73,96
ABDULLAH GUL UNIVERSITESI,DEVLET,KAYSERI,2014_2015,0,0,0,0,0,0,0,0,0,0,0,0,0,0,0,0,0,0,0,0,0
ACIBADEM MEHMET ALI AYDINLAR UNIVERSITESI,VAKIF,ISTANBUL,2014_2015,0,0,0,0,0,0,0,0,0,0,0,0,1,5,6,4,9,13,5,14,19
ADANA ALPARSLAN TURKES BILIM VE TEKNOLOJI UNIVERSITESI,DEVLET,ADANA,2014_2015,0,0,0,0,0,0,0,0,0,0,0,0,0,0,0,0,0,0,0,0,0
ADIYAMAN UNIVERSITESI,DEVLET,ADIYAMAN,2014_2015,16,21,37,31,53,84,0,0,0,0,0,0,0,0,0,0,0,0,47,74,121
AFYON KOCATEPE UNIVERSITESI,DEVLET,AFYON,2014_2015,47,66,113,23,37,60,0,0,0,1,0,1,64,36,100,6,9,15,141,148,289
AGRI IBRAHIM CECEN UNIVERSITESI,DEVLET,AGRI,2014_2015,42,54,96,18,12,30,0,0,0,0,0,0,5,2,7,0,0,0,65,68,133
AKDENIZ UNIVERSITESI,DEVLET,ANTALYA,2014_2015,53,59,112,51,68,119,0,1,1,13,27,40,0,0,0,31,24,55,148,179,327
AKSARAY UNIVERSITESI,DEVLET,AKSARAY,2014_2015,55,72,127,23,31,54,0,0,0,0,0,0,7,7,14,7,4,11,92,114,206
ALANYA ALAADDIN KEYKUBAT UNIVERSITESI,DEVLET,ANTALYA,2014_2015,0,0,0,0,0,0,0,0,0,0,0,0,0,0,0,0,0,0,0,0,0
ALTINBAS UNIVERSITESI,VAKIF,ISTANBUL,2014_2015,0,0,0,0,1,1,0,0,0,0,0,0,4,4,8,0,0,0,4,5,9
AMASYA UNIVERSITESI,DEVLET,AMASYA,2014_2015,47,84,131,13,39,52,0,0,0,0,0,0,5,1,6,0,0,0,65,124,189
ANADOLU UNIVERSITESI,DEVLET,ESKISEHIR,2014_2015,20,46,66,53,104,157,4,3,7,4,7,11,6,4,10,0,3,3,87,167,254
ANKARA UNIVERSITESI,DEVLET,ANKARA,2014_2015,12,9,21,25,68,93,0,0,0,0,0,0,0,0,0,20,44,64,57,121,178
ANKARA YILDIRIM BEYAZIT UNIVERSITESI,DEVLET,ANKARA,2014_2015,0,0,0,0,0,0,3,2,5,1,4,5,5,3,8,0,0,0,9,9,18
ANTALYA BILIM UNIVERSITESI,VAKIF,ANTALYA,2014_2015,0,0,0,0,0,0,0,0,0,0,0,0,0,0,0,0,0,0,0,0,0
ARDAHAN UNIVERSITESI,DEVLET,ARDAHAN,2014_2015,9,12,21,0,0,0,0,0,0,1,3,4,0,0,0,0,0,0,10,15,25
ARTVIN CORUH UNIVERSITESI,DEVLET,ARTVIN,2014_2015,27,43,70,1,2,3,0,1,1,2,0,2,0,2,2,2,0,2,32,48,80
ATATURK UNIVERSITESI,DEVLET,ERZURUM,2014_2015,62,81,143,30,49,79,0,0,0,4,5,9,0,0,0,0,6,6,96,141,237
ATILIM UNIVERSITESI,VAKIF,ANKARA,2014_2015,0,0,0,0,0,0,0,0,0,0,0,0,0,0,0,5,6,11,5,6,11
AYDIN ADNAN MENDERES UNIVERSITESI,DEVLET,AYDIN,2014_2015,13,32,45,22,42,64,0,0,0,0,0,0,7,2,9,0,0,0,42,76,118
BAHCESEHIR UNIVERSITESI,VAKIF,ISTANBUL,2014_2015,0,0,0,2,7,9,0,0,0,0,0,0,27,34,61,92,113,205,121,154,275
BALIKESIR UNIVERSITESI,DEVLET,BALIKESIR,2014_2015,20,52,72,14,27,41,0,0,0,0,0,0,0,0,0,1,0,1,35,79,114
BANDIRMA ONYEDI EYLUL UNIVERSITESI,DEVLET,BALIKESIR,2014_2015,0,0,0,0,0,0,0,0,0,0,0,0,0,0,0,0,0,0,0,0,0
BARTIN UNIVERSITESI,DEVLET,BARTIN,2014_2015,18,22,40,7,6,13,0,0,0,0,0,0,0,0,0,0,1,1,25,29,54
BASKENT UNIVERSITESI,VAKIF,ANKARA,2014_2015,0,0,0,0,4,4,0,0,0,0,0,0,6,8,14,1,5,6,7,17,24
BATMAN UNIVERSITESI,DEVLET,BATMAN,2014_2015,0,0,0,4,6,10,0,0,0,0,0,0,1,0,1,0,0,0,5,6,11
BAYBURT UNIVERSITESI,DEVLET,BAYBURT,2014_2015,7,12,19,0,1,1,0,0,0,2,1,3,0,0,0,0,0,0,9,14,23
BEYKENT UNIVERSITESI,VAKIF,ISTANBUL,2014_2015,1,2,3,15,8,23,0,0,0,0,4,4,0,0,0,71,106,177,87,120,207
BEZM-I ÂLEM VAKIF UNIVERSITESI,VAKIF,ISTANBUL,2014_2015,0,1,1,0,2,2,0,0,0,0,0,0,2,0,2,1,3,4,3,6,9
BILECIK SEYH EDEBALI UNIVERSITESI,DEVLET,BILECIK,2014_2015,7,29,36,2,1,3,0,0,0,0,0,0,0,0,0,0,0,0,9,30,39
BINGOL UNIVERSITESI,DEVLET,BINGOL,2014_2015,3,6,9,6,6,12,0,0,0,0,0,0,4,2,6,1,0,1,14,14,28
BIRUNI UNIVERSITESI,VAKIF,ISTANBUL,2014_2015,0,0,0,0,0,0,0,0,0,0,0,0,0,0,0,0,0,0,0,0,0
BITLIS EREN UNIVERSITESI,DEVLET,BITLIS,2014_2015,4,9,13,4,1,5,0,0,0,0,0,0,0,0,0,0,0,0,8,10,18
BOGAZICI UNIVERSITESI,DEVLET,ISTANBUL,2014_2015,0,0,0,0,0,0,0,0,0,0,0,0,0,0,0,154,208,362,154,208,362
BOLU ABANT IZZET BAYSAL UNIVERSITESI,DEVLET,BOLU,2014_2015,22,54,76,19,38,57,0,0,0,0,0,0,0,0,0,0,1,1,41,93,134
BURDUR MEHMET AKIF ERSOY UNIVERSITESI,DEVLET,BURDUR,2014_2015,17,54,71,11,25,36,0,0,0,0,0,0,12,8,20,4,7,11,44,94,138
BURSA TEKNIK UNIVERSITESI,DEVLET,BURSA,2014_2015,0,0,0,0,0,0,0,0,0,0,0,0,0,0,0,0,0,0,0,0,0
BURSA ULUDAG UNIVERSITESI,DEVLET,BURSA,2014_2015,29,52,81,89,183,272,0,0,0,0,0,0,9,5,14,8,13,21,135,253,388
CAG UNIVERSITESI,VAKIF,MERSIN,2014_2015,0,0,0,0,0,0,0,0,0,0,0,0,0,0,0,0,0,0,0,0,0
CANAKKALE ONSEKIZ MART UNIVERSITESI,DEVLET,CANAKKALE,2014_2015,24,82,106,27,33,60,0,0,0,0,0,0,0,0,0,16,39,55,67,154,221
CANKAYA UNIVERSITESI,VAKIF,ANKARA,2014_2015,0,0,0,0,0,0,0,0,0,0,0,0,8,19,27,0,0,0,8,19,27
CANKIRI KARATEKIN UNIVERSITESI,DEVLET,CANKIRI,2014_2015,8,34,42,3,0,3,0,0,0,0,0,0,13,28,41,0,3,3,24,65,89
CUKUROVA UNIVERSITESI,DEVLET,ADANA,2014_2015,16,25,41,49,87,136,0,0,0,0,0,0,0,0,0,0,0,0,65,112,177
DEMIROGLU BILIM UNIVERSITESI,VAKIF,ISTANBUL,2014_2015,0,0,0,0,0,0,0,0,0,0,0,0,0,0,0,0,0,0,0,0,0
DICLE UNIVERSITESI,DEVLET,DIYARBAKIR,2014_2015,28,35,63,44,56,100,0,0,0,0,0,0,4,2,6,1,0,1,77,93,170
DOGUS UNIVERSITESI,VAKIF,ISTANBUL,2014_2015,0,0,0,0,0,0,0,0,0,0,0,0,17,11,28,21,24,45,38,35,73
DOKUZ EYLUL UNIVERSITESI,DEVLET,IZMIR,2014_2015,17,19,36,40,84,124,1,0,1,1,1,2,1,1,2,49,93,142,109,198,307
DUZCE UNIVERSITESI,DEVLET,DUZCE,2014_2015,13,13,26,3,1,4,2,0,2,3,2,5,7,0,7,4,0,4,32,16,48
EGE UNIVERSITESI,DEVLET,IZMIR,2014_2015,2,2,4,10,18,28,0,0,0,0,0,0,78,120,198,2,4,6,92,144,236
ERCIYES UNIVERSITESI,DEVLET,KAYSERI,2014_2015,44,55,99,81,99,180,0,0,0,0,0,0,6,7,13,3,6,9,134,167,301
ERZINCAN BINALI YILDIRIM UNIVERSITESI,DEVLET,ERZINCAN,2014_2015,44,75,119,5,9,14,0,0,0,1,2,3,0,0,0,0,0,0,50,86,136
ERZURUM TEKNIK UNIVERSITESI,DEVLET,ERZURUM,2014_2015,9,3,12,0,0,0,0,0,0,0,0,0,3,0,3,0,0,0,12,3,15
ESKISEHIR OSMANGAZI UNIVERSITESI,DEVLET,ESKISEHIR,2014_2015,27,42,69,49,87,136,0,5,5,8,10,18,44,21,65,1,6,7,129,171,300
FATIH SULTAN MEHMET VAKIF UNIVERSITESI,VAKIF,ISTANBUL,2014_2015,0,1,1,0,0,0,0,0,0,0,1,1,0,0,0,1,2,3,1,4,5
FIRAT UNIVERSITESI,DEVLET,ELAZIG,2014_2015,33,40,73,40,42,82,0,0,0,0,0,0,28,1,29,0,0,0,101,83,184
GALATASARAY UNIVERSITESI,DEVLET,ISTANBUL,2014_2015,0,0,0,0,0,0,2,1,3,0,0,0,15,22,37,0,0,0,17,23,40
GAZI UNIVERSITESI,DEVLET,ANKARA,2014_2015,22,45,67,77,204,281,5,2,7,39,57,96,1,1,2,23,42,65,167,351,518
GAZIANTEP UNIVERSITESI,DEVLET,GAZIANTEP,2014_2015,27,49,76,53,66,119,0,0,0,0,0,0,0,0,0,0,0,0,80,115,195
GEBZE TEKNIK UNIVERSITESI,DEVLET,KOCAELI,2014_2015,0,0,0,0,0,0,0,0,0,0,0,0,11,7,18,0,0,0,11,7,18
GIRESUN UNIVERSITESI,DEVLET,GIRESUN,2014_2015,37,54,91,10,10,20,0,0,0,0,0,0,0,0,0,7,1,8,54,65,119
GUMUSHANE UNIVERSITESI,DEVLET,GUMUSHANE,2014_2015,11,16,27,1,0,1,0,0,0,0,0,0,5,5,10,0,0,0,17,21,38
HACETTEPE UNIVERSITESI,DEVLET,ANKARA,2014_2015,8,22,30,31,85,116,0,0,0,6,14,20,84,119,203,26,85,111,155,325,480
HAKKARI UNIVERSITESI,DEVLET,HAKKARI,2014_2015,4,2,6,1,0,1,0,0,0,0,0,0,0,0,0,0,0,0,5,2,7
HALIC UNIVERSITESI,VAKIF,ISTANBUL,2014_2015,0,0,0,0,0,0,0,0,0,0,0,0,0,0,0,0,0,0,0,0,0
HARRAN UNIVERSITESI,DEVLET,SANLIURFA,2014_2015,24,8,32,30,35,65,0,0,0,0,0,0,3,2,5,0,1,1,57,46,103
HASAN KALYONCU UNIVERSITESI,VAKIF,GAZIANTEP,2014_2015,0,1,1,1,0,1,0,0,0,0,0,0,0,0,0,0,0,0,1,1,2
HATAY MUSTAFA KEMAL UNIVERSITESI,DEVLET,HATAY,2014_2015,55,44,99,41,44,85,0,0,0,0,0,0,17,15,32,5,5,10,118,108,226
HITIT UNIVERSITESI,DEVLET,CORUM,2014_2015,16,25,41,4,5,9,0,0,0,14,15,29,13,6,19,2,1,3,49,52,101
IGDIR UNIVERSITESI,DEVLET,IGDIR,2014_2015,13,3,16,1,1,2,0,0,0,0,0,0,0,0,0,0,0,0,14,4,18
ISIK UNIVERSITESI,VAKIF,ISTANBUL,2014_2015,0,0,0,0,0,0,0,0,0,0,0,0,8,12,20,24,20,44,32,32,64
IHSAN DOGRAMACI BILKENT UNIVERSITESI,VAKIF,ANKARA,2014_2015,0,0,0,0,0,0,0,0,0,0,0,0,85,138,223,3,2,5,88,140,228
INONU UNIVERSITESI,DEVLET,MALATYA,2014_2015,74,104,178,52,117,169,0,0,0,0,0,0,0,0,0,1,3,4,127,224,351
ISKENDERUN TEKNIK UNIVERSITESI,DEVLET,HATAY,2014_2015,0,0,0,0,0,0,0,0,0,0,0,0,0,0,0,0,0,0,0,0,0
ISTANBUL AREL UNIVERSITESI,VAKIF,ISTANBUL,2014_2015,0,0,0,1,3,4,0,0,0,0,0,0,0,0,0,84,88,172,85,91,176
ISTANBUL AYDIN UNIVERSITESI,VAKIF,ISTANBUL,2014_2015,1,2,3,18,14,32,0,0,0,1,0,1,0,0,0,47,63,110,67,79,146
ISTANBUL BILGI UNIVERSITESI,VAKIF,ISTANBUL,2014_2015,0,0,0,0,0,0,0,0,0,0,0,0,75,129,204,144,229,373,219,358,577
ISTANBUL ESENYURT UNIVERSITESI,VAKIF,ISTANBUL,2014_2015,0,0,0,0,0,0,0,0,0,0,0,0,0,0,0,0,0,0,0,0,0
ISTANBUL GEDIK UNIVERSITESI,VAKIF,ISTANBUL,2014_2015,0,0,0,0,0,0,0,0,0,0,0,0,0,0,0,0,0,0,0,0,0
ISTANBUL GELISIM UNIVERSITESI,VAKIF,ISTANBUL,2014_2015,0,0,0,0,0,0,0,0,0,0,0,0,0,0,0,0,3,3,0,3,3
ISTANBUL KULTUR UNIVERSITESI,VAKIF,ISTANBUL,2014_2015,0,1,1,1,2,3,0,0,0,0,0,0,59,36,95,57,65,122,117,104,221
ISTANBUL MEDENIYET UNIVERSITESI,DEVLET,ISTANBUL,2014_2015,0,0,0,0,0,0,0,0,0,0,0,0,0,0,0,0,0,0,0,0,0
ISTANBUL MEDIPOL UNIVERSITESI,VAKIF,ISTANBUL,2014_2015,0,1,1,2,10,12,0,0,0,0,0,0,0,0,0,4,7,11,6,18,24
ISTANBUL OKAN UNIVERSITESI,VAKIF,ISTANBUL,2014_2015,0,0,0,4,6,10,0,0,0,0,0,0,0,0,0,30,46,76,34,52,86
ISTANBUL SABAHATTIN ZAIM UNIVERSITESI,VAKIF,ISTANBUL,2014_2015,0,2,2,0,2,2,0,0,0,0,0,0,0,0,0,0,0,0,0,4,4
ISTANBUL SEHIR UNIVERSITESI,VAKIF,ISTANBUL,2014_2015,0,0,0,0,0,0,0,0,0,0,0,0,11,14,25,16,19,35,27,33,60
ISTANBUL SISLI MESLEK YUKSEKOKULU,VAKIF MYO,ISTANBUL,2014_2015,0,0,0,0,0,0,0,0,0,0,0,0,0,0,0,1,0,1,1,0,1
ISTANBUL TEKNIK UNIVERSITESI,DEVLET,ISTANBUL,2014_2015,0,0,0,0,0,0,0,0,0,0,0,0,0,0,0,0,0,0,0,0,0
ISTANBUL TICARET UNIVERSITESI,VAKIF,ISTANBUL,2014_2015,0,0,0,4,9,13,0,0,0,0,0,0,9,11,20,20,23,43,33,43,76
ISTANBUL UNIVERSITESI,DEVLET,ISTANBUL,2014_2015,7,8,15,50,109,159,0,0,0,0,0,0,5,2,7,98,155,253,160,274,434
ISTANBUL YENI YUZYIL UNIVERSITESI,VAKIF,ISTANBUL,2014_2015,0,0,0,0,0,0,0,0,0,0,0,0,0,0,0,1,0,1,1,0,1
ISTANBUL 29 MAYIS UNIVERSITESI,VAKIF,ISTANBUL,2014_2015,0,0,0,0,0,0,0,0,0,0,0,0,0,2,2,0,5,5,0,7,7
IZMIR EKONOMI UNIVERSITESI,VAKIF,IZMIR,2014_2015,0,0,0,0,0,0,0,0,0,0,0,0,27,60,87,0,0,0,27,60,87
IZMIR KATIP CELEBI UNIVERSITESI,DEVLET,IZMIR,2014_2015,0,1,1,2,1,3,1,0,1,0,0,0,0,0,0,3,6,9,6,8,14
IZMIR YUKSEK TEKNOLOJI ENSTITUSU,DEVLET,IZMIR,2014_2015,0,0,0,0,0,0,0,0,0,1,0,1,0,0,0,15,7,22,16,7,23
KADIR HAS UNIVERSITESI,VAKIF,ISTANBUL,2014_2015,0,0,0,0,0,0,0,0,0,0,0,0,0,0,0,1,5,6,1,5,6
KAFKAS UNIVERSITESI,DEVLET,KARS,2014_2015,64,53,117,12,10,22,0,0,0,0,0,0,0,0,0,0,0,0,76,63,139
KAHRAMANMARAS SUTCU IMAM UNIVERSITESI,DEVLET,KAHRAMANMARAS,2014_2015,21,22,43,19,34,53,0,0,0,0,0,0,0,0,0,0,0,0,40,56,96
KARABUK UNIVERSITESI,DEVLET,KARABUK,2014_2015,13,17,30,1,3,4,4,2,6,11,10,21,30,8,38,6,9,15,65,49,114
KARADENIZ TEKNIK UNIVERSITESI,DEVLET,TRABZON,2014_2015,52,108,160,60,89,149,0,0,0,0,0,0,79,68,147,41,16,57,232,281,513
KARAMANOGLU MEHMETBEY UNIVERSITESI,DEVLET,KARAMAN,2014_2015,14,32,46,5,11,16,0,0,0,0,0,0,9,6,15,0,0,0,28,49,77
KASTAMONU UNIVERSITESI,DEVLET,KASTAMONU,2014_2015,64,105,169,8,16,24,6,2,8,11,9,20,9,2,11,0,0,0,98,134,232
KIRIKKALE UNIVERSITESI,DEVLET,KIRIKKALE,2014_2015,22,44,66,31,41,72,0,0,0,0,0,0,0,0,0,0,1,1,53,86,139
KIRKLARELI UNIVERSITESI,DEVLET,KIRKLARELI,2014_2015,29,72,101,2,1,3,0,0,0,1,2,3,9,3,12,0,0,0,41,78,119
KIRSEHIR AHI EVRAN UNIVERSITESI,DEVLET,KIRSEHIR,2014_2015,32,47,79,14,23,37,0,0,0,0,0,0,0,0,0,0,0,0,46,70,116
KILIS 7 ARALIK UNIVERSITESI,DEVLET,KILIS,2014_2015,25,46,71,20,14,34,0,0,0,0,0,0,0,0,0,0,0,0,45,60,105
KOCAELI UNIVERSITESI,DEVLET,KOCAELI,2014_2015,10,30,40,51,72,123,0,0,0,0,0,0,11,14,25,8,9,17,80,125,205
KOC UNIVERSITESI,VAKIF,ISTANBUL,2014_2015,0,0,0,0,0,0,0,0,0,0,0,0,0,0,0,4,13,17,4,13,17
KTO KARATAY UNIVERSITESI,VAKIF,KONYA,2014_2015,0,0,0,0,0,0,0,0,0,0,0,0,0,0,0,3,0,3,3,0,3
KUTAHYA DUMLUPINAR UNIVERSITESI,DEVLET,KUTAHYA,2014_2015,47,78,125,17,26,43,2,0,2,0,0,0,6,4,10,6,2,8,78,110,188
MALTEPE UNIVERSITESI,VAKIF,ISTANBUL,2014_2015,0,1,1,0,0,0,0,0,0,0,0,0,5,5,10,0,0,0,5,6,11
MANISA CELÂL BAYAR UNIVERSITESI,DEVLET,MANISA,2014_2015,23,52,75,20,26,46,0,0,0,0,0,0,0,0,0,0,0,0,43,78,121
MARDIN ARTUKLU UNIVERSITESI,DEVLET,MARDIN,2014_2015,3,7,10,3,7,10,0,0,0,0,0,0,0,0,0,0,0,0,6,14,20
MARMARA UNIVERSITESI,DEVLET,ISTANBUL,2014_2015,10,5,15,30,76,106,0,0,0,11,24,35,0,0,0,170,323,493,221,428,649
MEF UNIVERSITESI,VAKIF,ISTANBUL,2014_2015,0,0,0,0,0,0,0,0,0,0,0,0,0,0,0,0,0,0,0,0,0
MERSIN UNIVERSITESI,DEVLET,ICEL,2014_2015,13,19,32,18,29,47,0,0,0,0,0,0,0,0,0,0,0,0,31,48,79
MIMAR SINAN GUZEL SANATLAR UNIVERSITESI,DEVLET,ISTANBUL,2014_2015,0,0,0,4,15,19,0,0,0,0,0,0,3,19,22,0,0,0,7,34,41
MUGLA SITKI KOCMAN UNIVERSITESI,DEVLET,MUGLA,2014_2015,45,79,124,73,59,132,0,0,0,5,4,9,1,0,1,0,0,0,124,142,266
MUNZUR UNIVERSITESI,DEVLET,TUNCELI,2014_2015,0,0,0,0,0,0,0,0,0,0,0,0,0,0,0,0,0,0,0,0,0
MUS ALPARSLAN UNIVERSITESI,DEVLET,MUS,2014_2015,19,29,48,19,14,33,0,0,0,0,0,0,1,2,3,0,0,0,39,45,84
NECMETTIN ERBAKAN UNIVERSITESI,DEVLET,KONYA,2014_2015,18,52,70,10,58,68,0,0,0,1,2,3,4,0,4,0,0,0,33,112,145
NEVSEHIR HACI BEKTAS VELI UNIVERSITESI,DEVLET,NEVSEHIR,2014_2015,24,16,40,2,9,11,0,0,0,0,0,0,0,0,0,0,0,0,26,25,51
NIGDE OMER HALISDEMIR UNIVERSITESI,DEVLET,NIGDE,2014_2015,0,0,0,0,0,0,0,0,0,0,0,0,0,0,0,0,0,0,0,0,0
NISANTASI UNIVERSITESI,VAKIF,ISTANBUL,2014_2015,0,0,0,0,0,0,0,0,0,0,0,0,0,0,0,0,4,4,0,4,4
NUH NACI YAZGAN UNIVERSITESI,VAKIF,KAYSERI,2014_2015,0,0,0,0,0,0,0,0,0,0,0,0,2,3,5,0,0,0,2,3,5
ONDOKUZ MAYIS UNIVERSITESI,DEVLET,SAMSUN,2014_2015,19,55,74,70,182,252,0,0,0,14,29,43,2,0,2,13,17,30,118,283,401
ORDU UNIVERSITESI,DEVLET,ORDU,2014_2015,14,18,32,5,9,14,0,0,0,0,1,1,0,0,0,0,1,1,19,29,48
ORTA DOGU TEKNIK UNIVERSITESI,DEVLET,ANKARA,2014_2015,0,0,0,0,0,0,4,7,11,1,0,1,76,115,191,9,16,25,90,138,228
OSMANIYE KORKUT ATA UNIVERSITESI,DEVLET,OSMANIYE,2014_2015,11,5,16,5,5,10,0,0,0,0,0,0,4,5,9,0,0,0,20,15,35
OZYEGIN UNIVERSITESI,VAKIF,ISTANBUL,2014_2015,0,0,0,0,0,0,0,0,0,0,0,0,30,11,41,28,23,51,58,34,92
PAMUKKALE UNIVERSITESI,DEVLET,DENIZLI,2014_2015,59,67,126,38,82,120,0,0,0,4,4,8,0,0,0,182,165,347,283,318,601
PIRI REIS UNIVERSITESI,VAKIF,ISTANBUL,2014_2015,0,0,0,0,0,0,0,0,0,0,0,0,0,0,0,11,5,16,11,5,16
RECEP TAYYIP ERDOGAN UNIVERSITESI,DEVLET,RIZE,2014_2015,45,62,107,13,21,34,0,0,0,3,12,15,0,0,0,1,4,5,62,99,161
SABANCI UNIVERSITESI,VAKIF,ISTANBUL,2014_2015,0,0,0,0,0,0,0,0,0,0,0,0,0,0,0,41,44,85,41,44,85
SAKARYA UNIVERSITESI,DEVLET,SAKARYA,2014_2015,20,36,56,67,85,152,2,3,5,1,1,2,69,40,109,0,0,0,159,165,324
SELCUK UNIVERSITESI,DEVLET,KONYA,2014_2015,58,97,155,65,87,152,0,0,0,0,0,0,0,0,0,1,0,1,124,184,308
SIIRT UNIVERSITESI,DEVLET,SIIRT,2014_2015,14,15,29,43,21,64,0,0,0,0,0,0,0,0,0,0,0,0,57,36,93
SINOP UNIVERSITESI,DEVLET,SINOP,2014_2015,14,41,55,4,1,5,0,0,0,1,2,3,0,4,4,0,0,0,19,48,67
SIVAS CUMHURIYET UNIVERSITESI,DEVLET,SIVAS,2014_2015,42,94,136,33,50,83,0,0,0,0,0,0,0,0,0,0,0,0,75,144,219
SULEYMAN DEMIREL UNIVERSITESI,DEVLET,ISPARTA,2014_2015,34,49,83,42,53,95,0,0,0,8,9,17,32,35,67,24,27,51,140,173,313
SIRNAK UNIVERSITESI,DEVLET,SIRNAK,2014_2015,6,8,14,0,2,2,0,0,0,0,0,0,0,0,0,0,0,0,6,10,16
TED UNIVERSITESI,VAKIF,ANKARA,2014_2015,0,0,0,0,0,0,0,0,0,0,0,0,0,0,0,2,5,7,2,5,7
TEKIRDAG NAMIK KEMAL UNIVERSITESI,DEVLET,TEKIRDAG,2014_2015,4,8,12,7,5,12,0,0,0,0,0,0,0,0,0,2,2,4,13,15,28
TOBB EKONOMI VE TEKNOLOJI UNIVERSITESI,VAKIF,ANKARA,2014_2015,0,0,0,0,0,0,0,0,0,0,0,0,73,45,118,0,3,3,73,48,121
TOKAT GAZIOSMANPASA UNIVERSITESI,DEVLET,TOKAT,2014_2015,58,117,175,16,18,34,0,0,0,0,4,4,23,16,39,0,0,0,97,155,252
TOROS UNIVERSITESI,VAKIF,MERSIN,2014_2015,0,2,2,0,0,0,0,0,0,0,0,0,0,0,0,0,0,0,0,2,2
TRAKYA UNIVERSITESI,DEVLET,EDIRNE,2014_2015,27,38,65,23,35,58,0,0,0,0,6,6,1,0,1,5,1,6,56,80,136
TURK HAVA KURUMU UNIVERSITESI,VAKIF,ANKARA,2014_2015,0,0,0,0,0,0,0,0,0,0,0,0,0,0,0,6,0,6,6,0,6
TURK-ALMAN UNIVERSITESI,DEVLET,ISTANBUL,2014_2015,0,0,0,0,0,0,0,0,0,0,0,0,0,0,0,0,0,0,0,0,0
UFUK UNIVERSITESI,VAKIF,ANKARA,2014_2015,0,0,0,0,0,0,0,0,0,0,0,0,0,0,0,0,0,0,0,0,0
USAK UNIVERSITESI,DEVLET,USAK,2014_2015,13,32,45,9,14,23,0,0,0,0,0,0,1,0,1,1,0,1,24,46,70
USKUDAR UNIVERSITESI,VAKIF,ISTANBUL,2014_2015,0,0,0,0,0,0,0,0,0,0,0,0,0,0,0,0,1,1,0,1,1
VAN YUZUNCU YIL UNIVERSITESI,DEVLET,VAN,2014_2015,32,37,69,41,28,69,0,0,0,0,0,0,0,0,0,5,5,10,78,70,148
YALOVA UNIVERSITESI,DEVLET,YALOVA,2014_2015,15,19,34,3,0,3,0,0,0,0,0,0,0,0,0,1,0,1,19,19,38
YASAR UNIVERSITESI,VAKIF,IZMIR,2014_2015,0,0,0,0,0,0,0,0,0,0,0,0,7,10,17,58,68,126,65,78,143
YEDITEPE UNIVERSITESI,VAKIF,ISTANBUL,2014_2015,0,1,1,2,1,3,0,0,0,0,0,0,0,0,0,0,0,0,2,2,4
YILDIZ TEKNIK UNIVERSITESI,DEVLET,ISTANBUL,2014_2015,1,3,4,67,107,174,0,0,0,0,0,0,15,24,39,0,0,0,83,134,217
YOZGAT BOZOK UNIVERSITESI,DEVLET,YOZGAT,2014_2015,5,7,12,2,0,2,0,0,0,0,0,0,0,0,0,0,0,0,7,7,14
ZONGULDAK BULENT ECEVIT UNIVERSITESI,DEVLET,ZONGULDAK,2014_2015,30,100,130,12,27,39,0,0,0,0,1,1,0,0,0,2,6,8,44,134,178
