name_of_university,year_of_education,type_of_university,city,onlisans_male,onlisans_female,Toplam,lisans_male,lisans_female,Toplam,master_male,master_female,Toplam,doctorate_male,doctorate_female,Toplam,total_male,total_female,total_total
ABANT IZZET BAYSAL UNIVERSITESI,2018-2017,DEVLET,BOLU,6230,3521,9751,7970,11171,19141,1333,1204,2537,230,204,434,15763,16100,31863
ABANT IZZET BAYSAL UNIVERSITESI,2017-2016,DEVLET,BOLU,6222,3309,9531,7243,10570,17813,1367,1166,2533,199,165,364,15031,15210,30241
ABANT IZZET BAYSAL UNIVERSITESI,2016-2015,DEVLET,BOLU,5649,2969,8618,6633,10097,16730,1280,1098,2378,192,153,345,13754,14317,28071
ABANT IZZET BAYSAL UNIVERSITESI,2015-2014,DEVLET,BOLU,4269,2197,6466,6149,9604,15753,936,845,1781,155,115,270,11509,12761,24270
ABDULLAH GUL UNIVERSITESI,2019-2018,DEVLET,KAYSERI,0,0,0,854,377,1231,46,40,86,50,41,91,950,458,1408
ABDULLAH GUL UNIVERSITESI,2018-2017,DEVLET,KAYSERI,0,0,0,644,230,874,39,33,72,43,36,79,726,299,1025
ABDULLAH GUL UNIVERSITESI,2017-2016,DEVLET,KAYSERI,0,0,0,496,160,656,29,26,55,32,21,53,557,207,764
ABDULLAH GUL UNIVERSITESI,2016-2015,DEVLET,KAYSERI,0,0,0,299,98,397,32,22,54,25,9,34,356,129,485
ABDULLAH GUL UNIVERSITESI,2015-2014,DEVLET,KAYSERI,0,0,0,189,68,257,19,18,37,17,5,22,225,91,316
ACIBADEM MEHMET ALI AYDINLAR UNIVERSITESI,2019-2018,VAKIF,ISTANBUL,514,965,1479,628,1741,2369,67,266,333,18,88,106,1227,3060,4287
ACIBADEM MEHMET ALI AYDINLAR UNIVERSITESI,2018-2017,VAKIF,ISTANBUL,485,879,1364,583,1690,2273,53,232,285,14,52,66,1135,2853,3988
ACIBADEM UNIVERSITESI,2017-2016,VAKIF,ISTANBUL,544,976,1520,507,1407,1914,65,208,273,8,38,46,1124,2629,3753
ACIBADEM UNIVERSITESI,2016-2015,VAKIF,ISTANBUL,514,937,1451,418,1038,1456,57,196,253,5,25,30,994,2196,3190
ACIBADEM UNIVERSITESI,2015-2014,VAKIF,ISTANBUL,326,591,917,341,786,1127,51,217,268,3,10,13,721,1604,2325
ADANA ALPARSLAN TURKES BILIM VE TEKNOLOJI UNIVERSITESI,2019-2018,DEVLET,ADANA,0,0,0,1085,727,1812,391,224,615,14,9,23,1490,960,2450
ADANA BILIM VE TEKNOLOJI UNIVERSITESI,2018-2017,DEVLET,ADANA,0,0,0,799,558,1357,430,154,584,5,2,7,1234,714,1948
ADANA BILIM VE TEKNOLOJI UNIVERSITESI,2017-2016,DEVLET,ADANA,0,0,0,531,385,916,382,132,514,1,0,1,914,517,1431
ADANA BILIM VE TEKNOLOJI UNIVERSITESI,2016-2015,DEVLET,ADANA,0,0,0,360,261,621,275,91,366,0,0,0,635,352,987
ADANA BILIM VE TEKNOLOJI UNIVERSITESI,2015-2014,DEVLET,ADANA,0,0,0,183,137,320,198,92,290,0,0,0,381,229,610
ADIYAMAN UNIVERSITESI,2019-2018,DEVLET,ADIYAMAN,6316,3544,9860,4548,5435,9983,313,195,508,42,24,66,11219,9198,20417
ADIYAMAN UNIVERSITESI,2018-2017,DEVLET,ADIYAMAN,6175,3585,9760,4378,5256,9634,370,206,576,46,20,66,10969,9067,20036
ADIYAMAN UNIVERSITESI,2017-2016,DEVLET,ADIYAMAN,6449,3910,10359,4275,5170,9445,406,191,597,46,15,61,11176,9286,20462
ADIYAMAN UNIVERSITESI,2016-2015,DEVLET,ADIYAMAN,6037,3808,9845,4055,4862,8917,434,211,645,44,16,60,10570,8897,19467
ADIYAMAN UNIVERSITESI,2015-2014,DEVLET,ADIYAMAN,5534,3488,9022,3773,4522,8295,344,172,516,29,11,40,9680,8193,17873
ADNAN MENDERES UNIVERSITESI,2018-2017,DEVLET,AYDIN,11981,9698,21679,13812,14612,28424,1911,1449,3360,270,306,576,27974,26065,54039
ADNAN MENDERES UNIVERSITESI,2017-2016,DEVLET,AYDIN,11936,9894,21830,12667,14001,26668,1726,1336,3062,224,233,457,26553,25464,52017
ADNAN MENDERES UNIVERSITESI,2016-2015,DEVLET,AYDIN,11259,9043,20302,10847,12080,22927,1361,1156,2517,204,215,419,23671,22494,46165
ADNAN MENDERES UNIVERSITESI,2015-2014,DEVLET,AYDIN,10480,8292,18772,9369,10818,20187,1029,1022,2051,200,200,400,21078,20332,41410
AFYON KOCATEPE UNIVERSITESI,2019-2018,DEVLET,AFYONKARAHISAR,6503,3809,10312,11877,11287,23164,1723,1172,2895,227,129,356,20330,16397,36727
AFYON KOCATEPE UNIVERSITESI,2018-2017,DEVLET,AFYONKARAHISAR,9969,5875,15844,12731,13165,25896,2152,1251,3403,240,116,356,25092,20407,45499
AFYON KOCATEPE UNIVERSITESI,2017-2016,DEVLET,AFYON,10806,6236,17042,12107,12506,24613,2293,1171,3464,216,94,310,25422,20007,45429
AFYON KOCATEPE UNIVERSITESI,2016-2015,DEVLET,AFYON,10406,6018,16424,11241,11950,23191,1929,967,2896,208,84,292,23784,19019,42803
AFYON KOCATEPE UNIVERSITESI,2015-2014,DEVLET,AFYON,9721,5699,15420,10295,11192,21487,1522,796,2318,185,78,263,21723,17765,39488
AFYONKARAHISAR SAGLIK BILIMLERI UNIVERSITESI,2019-2018,DEVLET,AFYONKARAHISAR,593,1448,2041,1050,1882,2932,12,51,63,18,6,24,1673,3387,5060
AGRI IBRAHIM CECEN UNIVERSITESI,2019-2018,DEVLET,AGRI,2236,1704,3940,3840,3832,7672,482,272,754,2,0,2,6560,5808,12368
AGRI IBRAHIM CECEN UNIVERSITESI,2018-2017,DEVLET,AGRI,1905,1389,3294,3780,3540,7320,599,285,884,0,0,0,6284,5214,11498
AGRI IBRAHIM CECEN UNIVERSITESI,2017-2016,DEVLET,AGRI,1749,1307,3056,3788,3317,7105,493,234,727,0,0,0,6030,4858,10888
AGRI IBRAHIM CECEN UNIVERSITESI,2016-2015,DEVLET,AGRI,1714,1265,2979,3744,3286,7030,443,190,633,0,0,0,5901,4741,10642
AGRI IBRAHIM CECEN UNIVERSITESI,2015-2014,DEVLET,AGRI,1580,1191,2771,3831,3143,6974,312,133,445,0,0,0,5723,4467,10190
AHI EVRAN UNIVERSITESI,2018-2017,DEVLET,KIRSEHIR,5450,3067,8517,4019,5784,9803,655,443,1098,24,27,51,10148,9321,19469
AHI EVRAN UNIVERSITESI,2017-2016,DEVLET,KIRSEHIR,5645,3191,8836,3733,5642,9375,534,385,919,19,20,39,9931,9238,19169
AHI EVRAN UNIVERSITESI,2016-2015,DEVLET,KIRSEHIR,5248,2986,8234,3559,5454,9013,429,331,760,14,17,31,9250,8788,18038
AHI EVRAN UNIVERSITESI,2015-2014,DEVLET,KIRSEHIR,4818,2817,7635,3455,5477,8932,357,279,636,15,19,34,8645,8592,17237
AKDENIZ UNIVERSITESI,2019-2018,DEVLET,ANTALYA,14759,8202,22961,20795,16673,37468,2087,2217,4304,601,588,1189,38242,27680,65922
AKDENIZ UNIVERSITESI,2018-2017,DEVLET,ANTALYA,19367,9466,28833,19160,15705,34865,2734,2344,5078,566,584,1150,41827,28099,69926
AKDENIZ UNIVERSITESI,2017-2016,DEVLET,ANTALYA,18857,8832,27689,17677,14501,32178,2725,2291,5016,501,511,1012,39760,26135,65895
AKDENIZ UNIVERSITESI,2016-2015,DEVLET,ANTALYA,18358,8558,26916,18156,14652,32808,2327,2047,4374,479,466,945,39320,25723,65043
AKDENIZ UNIVERSITESI,2015-2014,DEVLET,ANTALYA,15289,7259,22548,16561,13355,29916,1805,1757,3562,427,463,890,34082,22834,56916
AKSARAY UNIVERSITESI,2019-2018,DEVLET,AKSARAY,2537,1748,4285,7946,7459,15405,1369,767,2136,90,63,153,11942,10037,21979
AKSARAY UNIVERSITESI,2018-2017,DEVLET,AKSARAY,3660,2161,5821,7781,7540,15321,1719,716,2435,86,58,144,13246,10475,23721
AKSARAY UNIVERSITESI,2017-2016,DEVLET,AKSARAY,3767,2196,5963,7046,6895,13941,1743,758,2501,81,49,130,12637,9898,22535
AKSARAY UNIVERSITESI,2016-2015,DEVLET,AKSARAY,3486,2122,5608,6175,6076,12251,1456,675,2131,71,43,114,11188,8916,20104
AKSARAY UNIVERSITESI,2015-2014,DEVLET,AKSARAY,3123,1914,5037,5331,5300,10631,1202,579,1781,62,35,97,9718,7828,17546
ALANYA ALAADDIN KEYKUBAT UNIVERSITESI,2019-2018,DEVLET,ANTALYA,3146,1533,4679,3419,2429,5848,188,125,313,9,12,21,6762,4099,10861
ALANYA ALAADDIN KEYKUBAT UNIVERSITESI,2018-2017,DEVLET,ANTALYA,2737,1215,3952,2881,1931,4812,198,87,285,8,9,17,5824,3242,9066
ALANYA ALAADDIN KEYKUBAT UNIVERSITESI,2017-2016,DEVLET,ANTALYA,2564,1168,3732,2460,1672,4132,162,74,236,7,7,14,5193,2921,8114
ALANYA HAMDULLAH EMIN PASA UNIVERSITESI,2019-2018,VAKIF,ANTALYA,0,0,0,184,189,373,30,18,48,0,0,0,214,207,421
ALANYA HAMDULLAH EMIN PASA UNIVERSITESI,2018-2017,VAKIF,ANTALYA,0,0,0,137,160,297,33,21,54,0,0,0,170,181,351
ALANYA HAMDULLAH EMIN PASA UNIVERSITESI,2017-2016,VAKIF,ANTALYA,0,0,0,125,133,258,6,3,9,0,0,0,131,136,267
ALANYA HAMDULLAH EMIN PASA UNIVERSITESI,2016-2015,VAKIF,ANTALYA,1,1,2,79,93,172,0,0,0,0,0,0,80,94,174
ALANYA HAMDULLAH EMIN PASA UNIVERSITESI,2015-2014,VAKIF,ANTALYA,0,1,1,27,40,67,0,0,0,0,0,0,27,41,68
ALTINBAS UNIVERSITESI,2019-2018,VAKIF,ISTANBUL,732,1039,1771,3980,3093,7073,1980,452,2432,110,64,174,6802,4648,11450
ALTINBAS UNIVERSITESI,2018-2017,VAKIF,ISTANBUL,613,826,1439,2989,2806,5795,2141,308,2449,65,31,96,5808,3971,9779
AMASYA UNIVERSITESI,2019-2018,DEVLET,AMASYA,5220,4018,9238,2855,3623,6478,343,220,563,8,6,14,8426,7867,16293
AMASYA UNIVERSITESI,2018-2017,DEVLET,AMASYA,6596,4445,11041,2524,3347,5871,436,220,656,7,5,12,9563,8017,17580
AMASYA UNIVERSITESI,2017-2016,DEVLET,AMASYA,6629,4391,11020,2189,3028,5217,460,224,684,7,7,14,9285,7650,16935
AMASYA UNIVERSITESI,2016-2015,DEVLET,AMASYA,5833,3846,9679,1764,2696,4460,377,208,585,6,7,13,7980,6757,14737
AMASYA UNIVERSITESI,2015-2014,DEVLET,AMASYA,4953,3239,8192,1505,2580,4085,320,209,529,6,4,10,6784,6032,12816
ANADOLU UNIVERSITESI,2019-2018,DEVLET,ESKISEHIR,700280,813001,1513281,1083142,758686,1841828,2365,2074,4439,886,839,1725,1786673,1574600,3361273
ANADOLU UNIVERSITESI,2018-2017,DEVLET,ESKISEHIR,634035,747854,1381889,1072772,748223,1820995,3671,2562,6233,1342,1030,2372,1711820,1499669,3211489
ANADOLU UNIVERSITESI,2017-2016,DEVLET,ESKISEHIR,562216,666565,1228781,1055558,731065,1786623,3247,2490,5737,1179,874,2053,1622200,1400994,3023194
ANADOLU UNIVERSITESI,2016-2015,DEVLET,ESKISEHIR,511259,601494,1112753,1052246,725364,1777610,2533,2084,4617,1006,776,1782,1567044,1329718,2896762
ANADOLU UNIVERSITESI,2015-2014,DEVLET,ESKISEHIR,467996,545753,1013749,981854,685545,1667399,2217,1867,4084,943,719,1662,1453010,1233884,2686894
ANKARA HACI BAYRAM VELI UNIVERSITESI,2019-2018,DEVLET,ANKARA,503,1000,1503,8806,10320,19126,2915,2852,5767,1080,924,2004,13304,15096,28400
ANKARA MUZIK VE GUZEL SANATLAR UNIVERSITESI,2019-2018,DEVLET,ANKARA,0,0,0,24,11,35,14,7,21,6,4,10,44,22,66
ANKARA SOSYAL BILIMLER UNIVERSITESI,2019-2018,DEVLET,ANKARA,0,0,0,282,316,598,250,178,428,34,10,44,566,504,1070
ANKARA SOSYAL BILIMLER UNIVERSITESI,2018-2017,DEVLET,ANKARA,0,0,0,129,168,297,136,73,209,9,0,9,274,241,515
ANKARA SOSYAL BILIMLER UNIVERSITESI,2017-2016,DEVLET,ANKARA,0,0,0,153,224,377,42,28,70,0,0,0,195,252,447
ANKARA UNIVERSITESI,2019-2018,DEVLET,ANKARA,3724,3810,7534,18982,22709,41691,4401,4345,8746,2842,2846,5688,29949,33710,63659
ANKARA UNIVERSITESI,2018-2017,DEVLET,ANKARA,4259,4123,8382,17575,21427,39002,4561,4249,8810,2618,2634,5252,29013,32433,61446
ANKARA UNIVERSITESI,2017-2016,DEVLET,ANKARA,4004,3753,7757,17528,21389,38917,6230,6031,12261,2892,2721,5613,30654,33894,64548
ANKARA UNIVERSITESI,2016-2015,DEVLET,ANKARA,3449,3234,6683,17845,21713,39558,6393,6362,12755,2912,2680,5592,30599,33989,64588
ANKARA UNIVERSITESI,2015-2014,DEVLET,ANKARA,3104,2995,6099,18358,22254,40612,5682,6164,11846,2995,2917,5912,30139,34330,64469
ANKARA YILDIRIM BEYAZIT UNIVERSITESI,2019-2018,DEVLET,ANKARA,749,871,1620,5604,7061,12665,1588,1483,3071,761,451,1212,8702,9866,18568
ANKARA YILDIRIM BEYAZIT UNIVERSITESI,2018-2017,DEVLET,ANKARA,171,309,480,4841,6045,10886,1837,1275,3112,804,431,1235,7653,8060,15713
ANKARA YILDIRIM BEYAZIT UNIVERSITESI,2017-2016,DEVLET,ANKARA,84,130,214,4379,5388,9767,1795,1118,2913,749,368,1117,7007,7004,14011
ANTALYA AKEV UNIVERSITESI,2019-2018,VAKIF,ANTALYA,146,124,270,103,65,168,0,0,0,0,0,0,249,189,438
ANTALYA AKEV UNIVERSITESI,2018-2017,VAKIF,ANTALYA,67,62,129,67,35,102,0,0,0,0,0,0,134,97,231
ANTALYA BILIM UNIVERSITESI,2019-2018,VAKIF,ANTALYA,71,27,98,1481,1318,2799,275,155,430,0,0,0,1827,1500,3327
ANTALYA BILIM UNIVERSITESI,2018-2017,VAKIF,ANTALYA,0,0,0,1324,1207,2531,183,58,241,0,0,0,1507,1265,2772
ARDAHAN UNIVERSITESI,2019-2018,DEVLET,ARDAHAN,648,515,1163,2015,1606,3621,96,95,191,17,25,42,2776,2241,5017
ARDAHAN UNIVERSITESI,2018-2017,DEVLET,ARDAHAN,779,473,1252,2066,1639,3705,132,86,218,17,21,38,2994,2219,5213
ARDAHAN UNIVERSITESI,2017-2016,DEVLET,ARDAHAN,783,421,1204,2022,1584,3606,113,76,189,13,17,30,2931,2098,5029
ARDAHAN UNIVERSITESI,2016-2015,DEVLET,ARDAHAN,761,422,1183,1764,1365,3129,132,72,204,14,17,31,2671,1876,4547
ARDAHAN UNIVERSITESI,2015-2014,DEVLET,ARDAHAN,730,414,1144,1428,1142,2570,90,51,141,21,13,34,2269,1620,3889
ARTVIN CORUH UNIVERSITESI,2019-2018,DEVLET,ARTVIN,2788,2069,4857,1593,2509,4102,249,132,381,15,6,21,4645,4716,9361
ARTVIN CORUH UNIVERSITESI,2018-2017,DEVLET,ARTVIN,3506,2061,5567,1475,2321,3796,267,128,395,16,5,21,5264,4515,9779
ARTVIN CORUH UNIVERSITESI,2017-2016,DEVLET,ARTVIN,3443,1926,5369,1447,2078,3525,268,127,395,15,3,18,5173,4134,9307
ARTVIN CORUH UNIVERSITESI,2016-2015,DEVLET,ARTVIN,2804,1515,4319,1300,1778,3078,207,94,301,18,3,21,4329,3390,7719
ARTVIN CORUH UNIVERSITESI,2015-2014,DEVLET,ARTVIN,2251,1196,3447,1318,1662,2980,165,82,247,18,4,22,3752,2944,6696
ATASEHIR ADIGUZEL MESLEK YUKSEKOKULU,2019-2018,VAKIF MYO,ISTANBUL,780,581,1361,0,0,0,0,0,0,0,0,0,780,581,1361
ATASEHIR ADIGUZEL MESLEK YUKSEKOKULU,2018-2017,VAKIF MYO,ISTANBUL,824,713,1537,0,0,0,0,0,0,0,0,0,824,713,1537
ATASEHIR ADIGUZEL MESLEK YUKSEKOKULU,2017-2016,VAKIF MYO,ISTANBUL,851,830,1681,0,0,0,0,0,0,0,0,0,851,830,1681
ATASEHIR ADIGUZEL MESLEK YUKSEKOKULU,2016-2015,VAKIF MYO,ISTANBUL,629,691,1320,0,0,0,0,0,0,0,0,0,629,691,1320
ATASEHIR ADIGUZEL MESLEK YUKSEKOKULU,2015-2014,VAKIF MYO,ISTANBUL,420,470,890,0,0,0,0,0,0,0,0,0,420,470,890
ATATURK UNIVERSITESI,2019-2018,DEVLET,ERZURUM,122292,157427,279719,50543,56130,106673,3275,2646,5921,1553,945,2498,177663,217148,394811
ATATURK UNIVERSITESI,2018-2017,DEVLET,ERZURUM,97878,126546,224424,45615,54940,100555,6029,3918,9947,1745,1030,2775,151267,186434,337701
ATATURK UNIVERSITESI,2017-2016,DEVLET,ERZURUM,73076,91854,164930,43755,54652,98407,6360,3856,10216,1854,1037,2891,125045,151399,276444
ATATURK UNIVERSITESI,2016-2015,DEVLET,ERZURUM,51433,70533,121966,33065,37276,70341,5540,3464,9004,1955,1038,2993,91993,112311,204304
ATATURK UNIVERSITESI,2015-2014,DEVLET,ERZURUM,34702,43665,78367,32144,31813,63957,5876,3747,9623,2295,1319,3614,75017,80544,155561
ATILIM UNIVERSITESI,2019-2018,VAKIF,ANKARA,36,13,49,4917,3520,8437,547,329,876,90,58,148,5590,3920,9510
ATILIM UNIVERSITESI,2018-2017,VAKIF,ANKARA,38,15,53,4822,3423,8245,520,248,768,50,45,95,5430,3731,9161
ATILIM UNIVERSITESI,2017-2016,VAKIF,ANKARA,58,22,80,4609,3192,7801,703,347,1050,106,71,177,5476,3632,9108
ATILIM UNIVERSITESI,2016-2015,VAKIF,ANKARA,29,9,38,3470,2483,5953,496,330,826,102,62,164,4097,2884,6981
ATILIM UNIVERSITESI,2015-2014,VAKIF,ANKARA,34,11,45,3183,2205,5388,674,255,929,83,46,129,3974,2517,6491
AVRASYA UNIVERSITESI,2019-2018,VAKIF,TRABZON,1181,1328,2509,1766,1884,3650,536,163,699,17,8,25,3500,3383,6883
AVRASYA UNIVERSITESI,2018-2017,VAKIF,TRABZON,1179,1357,2536,1912,1912,3824,554,161,715,14,7,21,3659,3437,7096
AVRASYA UNIVERSITESI,2017-2016,VAKIF,TRABZON,1302,1537,2839,1767,1585,3352,493,171,664,8,5,13,3570,3298,6868
AVRASYA UNIVERSITESI,2016-2015,VAKIF,TRABZON,1255,1352,2607,1614,1179,2793,504,223,727,8,4,12,3381,2758,6139
AVRASYA UNIVERSITESI,2015-2014,VAKIF,TRABZON,928,1008,1936,1249,828,2077,476,194,670,8,3,11,2661,2033,4694
AVRUPA MESLEK YUKSEKOKULU,2019-2018,VAKIF MYO,ISTANBUL,996,1096,2092,0,0,0,0,0,0,0,0,0,996,1096,2092
AVRUPA MESLEK YUKSEKOKULU,2018-2017,VAKIF MYO,ISTANBUL,1072,1003,2075,0,0,0,0,0,0,0,0,0,1072,1003,2075
AVRUPA MESLEK YUKSEKOKULU,2017-2016,VAKIF MYO,ISTANBUL,1249,1042,2291,0,0,0,0,0,0,0,0,0,1249,1042,2291
AVRUPA MESLEK YUKSEKOKULU,2016-2015,VAKIF MYO,ISTANBUL,883,708,1591,0,0,0,0,0,0,0,0,0,883,708,1591
AVRUPA MESLEK YUKSEKOKULU,2015-2014,VAKIF MYO,ISTANBUL,366,410,776,0,0,0,0,0,0,0,0,0,366,410,776
AYDIN ADNAN MENDERES UNIVERSITESI,2019-2018,DEVLET,AYDIN,9822,8309,18131,14385,14848,29233,1574,1515,3089,294,362,656,26075,25034,51109
BAHCESEHIR UNIVERSITESI,2019-2018,VAKIF,ISTANBUL,507,693,1200,9240,8153,17393,3255,2861,6116,218,215,433,13220,11922,25142
BAHCESEHIR UNIVERSITESI,2018-2017,VAKIF,ISTANBUL,584,662,1246,8533,7813,16346,3644,2721,6365,236,179,415,12997,11375,24372
BAHCESEHIR UNIVERSITESI,2017-2016,VAKIF,ISTANBUL,824,750,1574,7297,6889,14186,4285,2786,7071,193,155,348,12599,10580,23179
BAHCESEHIR UNIVERSITESI,2016-2015,VAKIF,ISTANBUL,925,646,1571,6458,6044,12502,3812,2532,6344,189,148,337,11384,9370,20754
BAHCESEHIR UNIVERSITESI,2015-2014,VAKIF,ISTANBUL,767,525,1292,5697,5334,11031,3240,2145,5385,161,123,284,9865,8127,17992
BALIKESIR UNIVERSITESI,2019-2018,DEVLET,BALIKESIR,6933,3833,10766,11570,10234,21804,1005,890,1895,176,127,303,19684,15084,34768
BALIKESIR UNIVERSITESI,2018-2017,DEVLET,BALIKESIR,9200,4459,13659,11060,9855,20915,1338,1040,2378,180,127,307,21778,15481,37259
BALIKESIR UNIVERSITESI,2017-2016,DEVLET,BALIKESIR,9629,4673,14302,10455,9357,19812,1298,1037,2335,195,136,331,21577,15203,36780
BALIKESIR UNIVERSITESI,2016-2015,DEVLET,BALIKESIR,9312,4539,13851,9895,9003,18898,1093,898,1991,203,143,346,20503,14583,35086
BALIKESIR UNIVERSITESI,2015-2014,DEVLET,BALIKESIR,9997,5412,15409,11694,11927,23621,874,729,1603,152,101,253,22717,18169,40886
BANDIRMA ONYEDI EYLUL UNIVERSITESI,2019-2018,DEVLET,BALIKESIR,1669,1450,3119,3562,3245,6807,274,205,479,19,16,35,5524,4916,10440
BANDIRMA ONYEDI EYLUL UNIVERSITESI,2018-2017,DEVLET,BALIKESIR,1948,1594,3542,3113,3246,6359,215,131,346,11,10,21,5287,4981,10268
BANDIRMA ONYEDI EYLUL UNIVERSITESI,2017-2016,DEVLET,BALIKESIR,2016,1647,3663,2791,3272,6063,81,70,151,3,5,8,4891,4994,9885
BANDIRMA ONYEDI EYLUL UNIVERSITESI,2016-2015,DEVLET,BALIKESIR,1861,1475,3336,2534,3179,5713,0,0,0,0,0,0,4395,4654,9049
BARTIN UNIVERSITESI,2019-2018,DEVLET,BARTIN,2395,1942,4337,5754,4980,10734,879,482,1361,45,46,91,9073,7450,16523
BARTIN UNIVERSITESI,2018-2017,DEVLET,BARTIN,2180,1813,3993,5344,4712,10056,951,424,1375,41,33,74,8516,6982,15498
BARTIN UNIVERSITESI,2017-2016,DEVLET,BARTIN,2095,1697,3792,4794,4319,9113,873,396,1269,38,27,65,7800,6439,14239
BARTIN UNIVERSITESI,2016-2015,DEVLET,BARTIN,1811,1396,3207,4428,3876,8304,683,333,1016,40,23,63,6962,5628,12590
BARTIN UNIVERSITESI,2015-2014,DEVLET,BARTIN,1643,1132,2775,3949,3233,7182,475,254,729,35,18,53,6102,4637,10739
BASKENT UNIVERSITESI,2019-2018,VAKIF,ANKARA,1207,1232,2439,5160,7154,12314,659,855,1514,240,221,461,7266,9462,16728
BASKENT UNIVERSITESI,2018-2017,VAKIF,ANKARA,1025,1166,2191,4822,6887,11709,916,733,1649,269,189,458,7032,8975,16007
BASKENT UNIVERSITESI,2017-2016,VAKIF,ANKARA,1018,1236,2254,4150,6006,10156,756,669,1425,228,134,362,6152,8045,14197
BASKENT UNIVERSITESI,2016-2015,VAKIF,ANKARA,769,931,1700,3506,4904,8410,571,592,1163,188,111,299,5034,6538,11572
BASKENT UNIVERSITESI,2015-2014,VAKIF,ANKARA,660,787,1447,3102,4414,7516,476,531,1007,152,117,269,4390,5849,10239
BATMAN UNIVERSITESI,2019-2018,DEVLET,BATMAN,3240,2306,5546,3706,2162,5868,571,188,759,27,3,30,7544,4659,12203
BATMAN UNIVERSITESI,2018-2017,DEVLET,BATMAN,3897,2252,6149,3589,2118,5707,713,200,913,21,2,23,8220,4572,12792
BATMAN UNIVERSITESI,2017-2016,DEVLET,BATMAN,3997,2262,6259,3170,1911,5081,953,170,1123,16,0,16,8136,4343,12479
BATMAN UNIVERSITESI,2016-2015,DEVLET,BATMAN,3710,2270,5980,2577,1405,3982,505,123,628,17,0,17,6809,3798,10607
BATMAN UNIVERSITESI,2015-2014,DEVLET,BATMAN,3365,1885,5250,1810,902,2712,299,75,374,16,0,16,5490,2862,8352
BAYBURT UNIVERSITESI,2019-2018,DEVLET,BAYBURT,1615,1665,3280,3807,3781,7588,328,187,515,18,4,22,5768,5637,11405
BAYBURT UNIVERSITESI,2018-2017,DEVLET,BAYBURT,1645,1357,3002,3567,3350,6917,397,213,610,11,3,14,5620,4923,10543
BAYBURT UNIVERSITESI,2017-2016,DEVLET,BAYBURT,1446,1005,2451,3263,2922,6185,355,190,545,3,2,5,5067,4119,9186
BAYBURT UNIVERSITESI,2016-2015,DEVLET,BAYBURT,1097,613,1710,2839,2429,5268,280,159,439,3,1,4,4219,3202,7421
BAYBURT UNIVERSITESI,2015-2014,DEVLET,BAYBURT,834,435,1269,2661,2234,4895,183,86,269,0,0,0,3678,2755,6433
BEYKENT UNIVERSITESI,2019-2018,VAKIF,ISTANBUL,4491,4324,8815,11334,8027,19361,1538,900,2438,153,83,236,17516,13334,30850
BEYKENT UNIVERSITESI,2018-2017,VAKIF,ISTANBUL,4851,4639,9490,11447,8199,19646,2519,1293,3812,170,91,261,18987,14222,33209
BEYKENT UNIVERSITESI,2017-2016,VAKIF,ISTANBUL,4727,4521,9248,10228,7513,17741,3069,1665,4734,110,61,171,18134,13760,31894
BEYKENT UNIVERSITESI,2016-2015,VAKIF,ISTANBUL,4455,4522,8977,9477,7099,16576,3355,2250,5605,126,87,213,17413,13958,31371
BEYKENT UNIVERSITESI,2015-2014,VAKIF,ISTANBUL,3545,3738,7283,8075,6456,14531,0,0,0,0,0,0,11620,10194,21814
BEYKOZ LOJISTIK MESLEK YUKSEKOKULU,2016-2015,VAKIF MYO,ISTANBUL,1338,714,2052,0,0,0,0,0,0,0,0,0,1338,714,2052
BEYKOZ LOJISTIK MESLEK YUKSEKOKULU,2015-2014,VAKIF MYO,ISTANBUL,1354,757,2111,0,0,0,0,0,0,0,0,0,1354,757,2111
BEYKOZ UNIVERSITESI,2019-2018,VAKIF,ISTANBUL,1279,785,2064,316,270,586,65,30,95,0,0,0,1660,1085,2745
BEYKOZ UNIVERSITESI,2018-2017,VAKIF,ISTANBUL,1376,656,2032,124,64,188,24,10,34,0,0,0,1524,730,2254
BEYKOZ UNIVERSITESI,2017-2016,VAKIF,ISTANBUL,1399,670,2069,0,0,0,0,0,0,0,0,0,1399,670,2069
BEZM-I ALEM VAKIF UNIVERSITESI,2015-2014,VAKIF,ISTANBUL,123,340,463,420,1123,1543,8,26,34,10,17,27,561,1506,2067
BEZM-I ?LEM VAKIF UNIVERSITESI,2019-2018,VAKIF,ISTANBUL,156,484,640,704,1846,2550,18,72,90,24,43,67,902,2445,3347
BEZM-I ?LEM VAKIF UNIVERSITESI,2018-2017,VAKIF,ISTANBUL,163,506,669,678,1833,2511,16,63,79,23,38,61,880,2440,3320
BEZM-I ?LEM VAKIF UNIVERSITESI,2017-2016,VAKIF,ISTANBUL,186,521,707,618,1599,2217,4,54,58,22,33,55,830,2207,3037
BEZM-I ?LEM VAKIF UNIVERSITESI,2016-2015,VAKIF,ISTANBUL,176,451,627,522,1386,1908,6,42,48,25,27,52,729,1906,2635
BILECIK SEYH EDEBALI UNIVERSITESI,2019-2018,DEVLET,BILECIK,3164,2509,5673,4445,4032,8477,576,344,920,56,35,91,8241,6920,15161
BILECIK SEYH EDEBALI UNIVERSITESI,2018-2017,DEVLET,BILECIK,4562,2881,7443,4476,4111,8587,836,263,1099,47,27,74,9921,7282,17203
BILECIK SEYH EDEBALI UNIVERSITESI,2017-2016,DEVLET,BILECIK,4811,3045,7856,4038,3852,7890,805,268,1073,39,28,67,9693,7193,16886
BILECIK SEYH EDEBALI UNIVERSITESI,2016-2015,DEVLET,BILECIK,4475,2680,7155,3571,3562,7133,1014,348,1362,31,29,60,9091,6619,15710
BILECIK SEYH EDEBALI UNIVERSITESI,2015-2014,DEVLET,BILECIK,4171,2241,6412,3212,3248,6460,674,268,942,26,23,49,8083,5780,13863
BINGOL UNIVERSITESI,2019-2018,DEVLET,BINGOL,3078,2524,5602,4328,3991,8319,426,169,595,66,14,80,7898,6698,14596
BINGOL UNIVERSITESI,2018-2017,DEVLET,BINGOL,3524,2354,5878,4199,3975,8174,484,156,640,57,11,68,8264,6496,14760
BINGOL UNIVERSITESI,2017-2016,DEVLET,BINGOL,3333,2171,5504,4036,3730,7766,620,161,781,43,11,54,8032,6073,14105
BINGOL UNIVERSITESI,2016-2015,DEVLET,BINGOL,3021,1894,4915,3876,3370,7246,660,164,824,40,10,50,7597,5438,13035
BINGOL UNIVERSITESI,2015-2014,DEVLET,BINGOL,2497,1607,4104,3356,2907,6263,508,141,649,18,7,25,6379,4662,11041
BIRUNI UNIVERSITESI,2019-2018,VAKIF,ISTANBUL,1107,2048,3155,1198,3160,4358,438,373,811,24,27,51,2767,5608,8375
BIRUNI UNIVERSITESI,2018-2017,VAKIF,ISTANBUL,1188,1877,3065,987,2807,3794,360,247,607,14,24,38,2549,4955,7504
BIRUNI UNIVERSITESI,2017-2016,VAKIF,ISTANBUL,1495,2156,3651,686,2014,2700,48,113,161,1,0,1,2230,4283,6513
BIRUNI UNIVERSITESI,2016-2015,VAKIF,ISTANBUL,1083,1691,2774,399,1248,1647,25,56,81,0,0,0,1507,2995,4502
BIRUNI UNIVERSITESI,2015-2014,VAKIF,ISTANBUL,233,569,802,150,597,747,0,0,0,0,0,0,383,1166,1549
BITLIS EREN UNIVERSITESI,2019-2018,DEVLET,BITLIS,2590,2184,4774,1737,1335,3072,251,132,383,8,3,11,4586,3654,8240
BITLIS EREN UNIVERSITESI,2018-2017,DEVLET,BITLIS,3238,2334,5572,1772,1213,2985,222,118,340,5,1,6,5237,3666,8903
BITLIS EREN UNIVERSITESI,2017-2016,DEVLET,BITLIS,3305,2291,5596,1686,1039,2725,147,77,224,7,1,8,5145,3408,8553
BITLIS EREN UNIVERSITESI,2016-2015,DEVLET,BITLIS,3079,2146,5225,1558,871,2429,139,65,204,7,1,8,4783,3083,7866
BITLIS EREN UNIVERSITESI,2015-2014,DEVLET,BITLIS,2897,1966,4863,1364,743,2107,104,35,139,7,1,8,4372,2745,7117
BOGAZICI UNIVERSITESI,2019-2018,DEVLET,ISTANBUL,0,0,0,7043,5613,12656,1451,1243,2694,547,513,1060,9041,7369,16410
BOGAZICI UNIVERSITESI,2018-2017,DEVLET,ISTANBUL,0,0,0,6785,5563,12348,1728,1433,3161,708,588,1296,9221,7584,16805
BOGAZICI UNIVERSITESI,2017-2016,DEVLET,ISTANBUL,0,0,0,6352,5331,11683,2018,1491,3509,816,645,1461,9186,7467,16653
BOGAZICI UNIVERSITESI,2016-2015,DEVLET,ISTANBUL,0,0,0,6045,5450,11495,1901,1446,3347,773,609,1382,8719,7505,16224
BOGAZICI UNIVERSITESI,2015-2014,DEVLET,ISTANBUL,0,0,0,5627,5392,11019,1687,1308,2995,707,555,1262,8021,7255,15276
BOLU ABANT IZZET BAYSAL UNIVERSITESI,2019-2018,DEVLET,BOLU,4065,2802,6867,8476,11375,19851,1033,1066,2099,228,224,452,13802,15467,29269
BOZOK UNIVERSITESI,2018-2017,DEVLET,YOZGAT,3990,2250,6240,4980,4944,9924,759,354,1113,38,7,45,9767,7555,17322
BOZOK UNIVERSITESI,2017-2016,DEVLET,YOZGAT,3991,2061,6052,4448,4392,8840,703,311,1014,26,3,29,9168,6767,15935
BOZOK UNIVERSITESI,2016-2015,DEVLET,YOZGAT,3564,1792,5356,3912,3690,7602,600,262,862,25,2,27,8101,5746,13847
BOZOK UNIVERSITESI,2015-2014,DEVLET,YOZGAT,3157,1512,4669,3571,3121,6692,500,212,712,20,2,22,7248,4847,12095
BULENT ECEVIT UNIVERSITESI,2018-2017,DEVLET,ZONGULDAK,7180,5309,12489,9740,9917,19657,1620,952,2572,162,91,253,18702,16269,34971
BULENT ECEVIT UNIVERSITESI,2017-2016,DEVLET,ZONGULDAK,7118,4929,12047,8904,9237,18141,1356,831,2187,150,73,223,17528,15070,32598
BULENT ECEVIT UNIVERSITESI,2016-2015,DEVLET,ZONGULDAK,6252,4416,10668,7942,8255,16197,867,647,1514,139,70,209,15200,13388,28588
BULENT ECEVIT UNIVERSITESI,2015-2014,DEVLET,ZONGULDAK,5526,4034,9560,7259,7796,15055,632,487,1119,134,68,202,13551,12385,25936
BURDUR MEHMET AKIF ERSOY UNIVERSITESI,2019-2018,DEVLET,BURDUR,5665,4928,10593,8629,8709,17338,917,696,1613,121,82,203,15332,14415,29747
BURSA ORHANGAZI UNIVERSITESI,2016-2015,VAKIF,BURSA,24,35,59,958,765,1723,291,60,351,4,1,5,1277,861,2138
BURSA ORHANGAZI UNIVERSITESI,2015-2014,VAKIF,BURSA,0,0,0,567,444,1011,194,46,240,0,0,0,761,490,1251
BURSA TEKNIK UNIVERSITESI,2019-2018,DEVLET,BURSA,0,0,0,1927,1574,3501,510,266,776,75,43,118,2512,1883,4395
BURSA TEKNIK UNIVERSITESI,2018-2017,DEVLET,BURSA,0,0,0,1405,1011,2416,470,199,669,51,36,87,1926,1246,3172
BURSA TEKNIK UNIVERSITESI,2017-2016,DEVLET,BURSA,0,0,0,1047,645,1692,561,191,752,30,27,57,1638,863,2501
BURSA TEKNIK UNIVERSITESI,2016-2015,DEVLET,BURSA,0,0,0,630,343,973,174,103,277,18,17,35,822,463,1285
BURSA TEKNIK UNIVERSITESI,2015-2014,DEVLET,BURSA,0,0,0,371,172,543,92,50,142,14,13,27,477,235,712
BURSA ULUDAG UNIVERSITESI,2019-2018,DEVLET,BURSA,11045,7106,18151,22087,21651,43738,3249,3504,6753,1148,817,1965,37529,33078,70607
CAG UNIVERSITESI,2019-2018,VAKIF,MERSIN,535,781,1316,1310,1863,3173,674,489,1163,9,8,17,2528,3141,5669
CAG UNIVERSITESI,2018-2017,VAKIF,MERSIN,484,692,1176,1356,1932,3288,652,344,996,10,12,22,2502,2980,5482
CAG UNIVERSITESI,2017-2016,VAKIF,MERSIN,423,553,976,1342,1857,3199,399,240,639,9,14,23,2173,2664,4837
CAG UNIVERSITESI,2016-2015,VAKIF,MERSIN,496,550,1046,1825,2326,4151,295,205,500,13,15,28,2629,3096,5725
CAG UNIVERSITESI,2015-2014,VAKIF,MERSIN,530,554,1084,1914,2529,4443,384,263,647,18,16,34,2846,3362,6208
CANAKKALE ONSEKIZ MART UNIVERSITESI,2019-2018,DEVLET,CANAKKALE,8303,5769,14072,13333,14419,27752,2592,2295,4887,283,225,508,24511,22708,47219
CANAKKALE ONSEKIZ MART UNIVERSITESI,2018-2017,DEVLET,CANAKKALE,10470,6300,16770,12669,14173,26842,2849,2333,5182,319,192,511,26307,22998,49305
CANAKKALE ONSEKIZ MART UNIVERSITESI,2017-2016,DEVLET,CANAKKALE,10791,6400,17191,11766,13636,25402,2769,2233,5002,314,169,483,25640,22438,48078
CANAKKALE ONSEKIZ MART UNIVERSITESI,2016-2015,DEVLET,CANAKKALE,9851,5972,15823,10979,12949,23928,2434,2053,4487,323,195,518,23587,21169,44756
CANAKKALE ONSEKIZ MART UNIVERSITESI,2015-2014,DEVLET,CANAKKALE,8712,5526,14238,10390,12648,23038,2028,1813,3841,329,178,507,21459,20165,41624
CANIK BASARI UNIVERSITESI,2016-2015,VAKIF,SAMSUN,0,0,0,875,1178,2053,124,39,163,2,2,4,1001,1219,2220
CANIK BASARI UNIVERSITESI,2015-2014,VAKIF,SAMSUN,0,0,0,557,820,1377,154,52,206,2,2,4,713,874,1587
CANKAYA UNIVERSITESI,2019-2018,VAKIF,ANKARA,137,104,241,3747,3237,6984,469,382,851,41,31,72,4394,3754,8148
CANKAYA UNIVERSITESI,2018-2017,VAKIF,ANKARA,143,124,267,3800,3409,7209,780,486,1266,56,30,86,4779,4049,8828
CANKAYA UNIVERSITESI,2017-2016,VAKIF,ANKARA,158,141,299,3572,3310,6882,912,533,1445,56,33,89,4698,4017,8715
CANKAYA UNIVERSITESI,2016-2015,VAKIF,ANKARA,155,147,302,3157,3005,6162,852,498,1350,56,30,86,4220,3680,7900
CANKAYA UNIVERSITESI,2015-2014,VAKIF,ANKARA,138,131,269,2798,2626,5424,822,476,1298,49,28,77,3807,3261,7068
CANKIRI KARATEKIN UNIVERSITESI,2019-2018,DEVLET,CANKIRI,2839,1233,4072,3096,4252,7348,721,562,1283,51,31,82,6707,6078,12785
CANKIRI KARATEKIN UNIVERSITESI,2018-2017,DEVLET,CANKIRI,4314,1480,5794,2960,4299,7259,640,427,1067,32,18,50,7946,6224,14170
CANKIRI KARATEKIN UNIVERSITESI,2017-2016,DEVLET,CANKIRI,4477,1454,5931,2685,4091,6776,690,365,1055,30,14,44,7882,5924,13806
CANKIRI KARATEKIN UNIVERSITESI,2016-2015,DEVLET,CANKIRI,4102,1360,5462,2323,3580,5903,540,264,804,30,11,41,6995,5215,12210
CANKIRI KARATEKIN UNIVERSITESI,2015-2014,DEVLET,CANKIRI,3503,1220,4723,2011,3161,5172,434,207,641,28,9,37,5976,4597,10573
CELAL BAYAR UNIVERSITESI,2015-2014,DEVLET,MANISA,11122,7066,18188,11224,10684,21908,1617,1572,3189,297,206,503,24260,19528,43788
CEL?L BAYAR UNIVERSITESI,2016-2015,DEVLET,MANISA,12670,7840,20510,12739,11272,24011,2139,1747,3886,324,249,573,27872,21108,48980
CUKUROVA UNIVERSITESI,2019-2018,DEVLET,ADANA,7549,5011,12560,18069,15564,33633,3895,2870,6765,985,794,1779,30498,24239,54737
CUKUROVA UNIVERSITESI,2018-2017,DEVLET,ADANA,8959,5561,14520,17442,15575,33017,4302,2695,6997,1008,805,1813,31711,24636,56347
CUKUROVA UNIVERSITESI,2017-2016,DEVLET,ADANA,9401,5666,15067,16556,14832,31388,3674,2275,5949,873,689,1562,30504,23462,53966
CUKUROVA UNIVERSITESI,2016-2015,DEVLET,ADANA,8877,5114,13991,16463,14804,31267,2693,1738,4431,843,712,1555,28876,22368,51244
CUKUROVA UNIVERSITESI,2015-2014,DEVLET,ADANA,8343,4769,13112,15598,14319,29917,1789,1152,2941,713,560,1273,26443,20800,47243
CUMHURIYET UNIVERSITESI,2018-2017,DEVLET,SIVAS,10226,6698,16924,15783,16994,32777,2751,1654,4405,247,153,400,29007,25499,54506
CUMHURIYET UNIVERSITESI,2017-2016,DEVLET,SIVAS,10307,6768,17075,15901,16956,32857,2764,1650,4414,207,125,332,29179,25499,54678
CUMHURIYET UNIVERSITESI,2016-2015,DEVLET,SIVAS,9438,6344,15782,15683,16453,32136,2083,1425,3508,210,126,336,27414,24348,51762
CUMHURIYET UNIVERSITESI,2015-2014,DEVLET,SIVAS,8212,5933,14145,14723,15390,30113,347,259,606,36,28,64,23318,21610,44928
DEMIROGLU BILIM UNIVERSITESI,2019-2018,VAKIF,ISTANBUL,203,418,621,530,1203,1733,22,75,97,0,7,7,755,1703,2458
DICLE UNIVERSITESI,2019-2018,DEVLET,DIYARBAKIR,3720,2674,6394,11483,9177,20660,1186,661,1847,412,153,565,16801,12665,29466
DICLE UNIVERSITESI,2018-2017,DEVLET,DIYARBAKIR,4169,2592,6761,10698,9044,19742,1663,837,2500,514,182,696,17044,12655,29699
DICLE UNIVERSITESI,2017-2016,DEVLET,DIYARBAKIR,4909,3060,7969,11096,9209,20305,2415,915,3330,513,173,686,18933,13357,32290
DICLE UNIVERSITESI,2016-2015,DEVLET,DIYARBAKIR,4965,3207,8172,11422,9500,20922,1708,740,2448,507,163,670,18602,13610,32212
DICLE UNIVERSITESI,2015-2014,DEVLET,DIYARBAKIR,4101,2802,6903,10981,9273,20254,1279,549,1828,372,129,501,16733,12753,29486
DOGUS UNIVERSITESI,2019-2018,VAKIF,ISTANBUL,1036,1105,2141,3684,2360,6044,242,117,359,44,46,90,5006,3628,8634
DOGUS UNIVERSITESI,2018-2017,VAKIF,ISTANBUL,770,786,1556,3421,2154,5575,373,214,587,72,32,104,4636,3186,7822
DOGUS UNIVERSITESI,2017-2016,VAKIF,ISTANBUL,593,504,1097,2939,1894,4833,310,184,494,81,37,118,3923,2619,6542
DOGUS UNIVERSITESI,2016-2015,VAKIF,ISTANBUL,464,435,899,2656,1791,4447,204,108,312,68,21,89,3392,2355,5747
DOGUS UNIVERSITESI,2015-2014,VAKIF,ISTANBUL,399,379,778,2454,1694,4148,279,170,449,111,32,143,3243,2275,5518
DOKUZ EYLUL UNIVERSITESI,2019-2018,DEVLET,IZMIR,7496,3583,11079,26367,22641,49008,3943,4166,8109,1079,1056,2135,38885,31446,70331
DOKUZ EYLUL UNIVERSITESI,2018-2017,DEVLET,IZMIR,10437,4800,15237,25487,22399,47886,4644,4429,9073,1224,1086,2310,41792,32714,74506
DOKUZ EYLUL UNIVERSITESI,2017-2016,DEVLET,IZMIR,9847,4603,14450,24998,22255,47253,5067,4751,9818,1096,913,2009,41008,32522,73530
DOKUZ EYLUL UNIVERSITESI,2016-2015,DEVLET,IZMIR,8622,4128,12750,23938,21538,45476,4613,4491,9104,1047,884,1931,38220,31041,69261
DOKUZ EYLUL UNIVERSITESI,2015-2014,DEVLET,IZMIR,7762,3958,11720,23502,21613,45115,4311,4263,8574,972,822,1794,36547,30656,67203
DUMLUPINAR UNIVERSITESI,2018-2017,DEVLET,KUTAHYA,12101,6947,19048,15833,14697,30530,3529,1809,5338,243,106,349,31706,23559,55265
DUMLUPINAR UNIVERSITESI,2017-2016,DEVLET,KUTAHYA,13088,7660,20748,14903,14526,29429,3432,1752,5184,285,102,387,31708,24040,55748
DUMLUPINAR UNIVERSITESI,2016-2015,DEVLET,KUTAHYA,12288,7322,19610,13909,13755,27664,2965,1621,4586,288,109,397,29450,22807,52257
DUMLUPINAR UNIVERSITESI,2015-2014,DEVLET,KUTAHYA,11225,6838,18063,13143,13305,26448,2532,1356,3888,293,100,393,27193,21599,48792
DUZCE UNIVERSITESI,2019-2018,DEVLET,DUZCE,4135,2548,6683,9516,7869,17385,1332,941,2273,223,114,337,15206,11472,26678
DUZCE UNIVERSITESI,2018-2017,DEVLET,DUZCE,6965,3422,10387,8628,7418,16046,1566,897,2463,204,87,291,17363,11824,29187
DUZCE UNIVERSITESI,2017-2016,DEVLET,DUZCE,7573,3497,11070,7382,6389,13771,1433,739,2172,161,73,234,16549,10698,27247
DUZCE UNIVERSITESI,2016-2015,DEVLET,DUZCE,7199,3277,10476,6079,5110,11189,1139,594,1733,148,58,206,14565,9039,23604
DUZCE UNIVERSITESI,2015-2014,DEVLET,DUZCE,6634,3029,9663,4681,4025,8706,871,500,1371,115,39,154,12301,7593,19894
EGE UNIVERSITESI,2019-2018,DEVLET,IZMIR,9807,5742,15549,17943,17137,35080,2529,3171,5700,1271,1562,2833,31550,27612,59162
EGE UNIVERSITESI,2018-2017,DEVLET,IZMIR,12931,6731,19662,17419,17225,34644,2930,3386,6316,1210,1423,2633,34490,28765,63255
EGE UNIVERSITESI,2017-2016,DEVLET,IZMIR,12585,6372,18957,17342,17318,34660,2913,3406,6319,1262,1382,2644,34102,28478,62580
EGE UNIVERSITESI,2016-2015,DEVLET,IZMIR,11224,5452,16676,17464,17279,34743,2432,2834,5266,1183,1314,2497,32303,26879,59182
EGE UNIVERSITESI,2015-2014,DEVLET,IZMIR,9646,4885,14531,17644,17778,35422,2018,2403,4421,1091,1251,2342,30399,26317,56716
ERCIYES UNIVERSITESI,2019-2018,DEVLET,KAYSERI,679,1379,2058,21514,19281,40795,3137,2653,5790,943,697,1640,26273,24010,50283
ERCIYES UNIVERSITESI,2018-2017,DEVLET,KAYSERI,9331,4786,14117,21609,19947,41556,3704,2752,6456,942,615,1557,35586,28100,63686
ERCIYES UNIVERSITESI,2017-2016,DEVLET,KAYSERI,9158,4443,13601,20893,19329,40222,3939,2759,6698,873,567,1440,34863,27098,61961
ERCIYES UNIVERSITESI,2016-2015,DEVLET,KAYSERI,8006,3691,11697,19845,18166,38011,3553,2501,6054,818,548,1366,32222,24906,57128
ERCIYES UNIVERSITESI,2015-2014,DEVLET,KAYSERI,7042,3275,10317,19125,17639,36764,3121,2256,5377,758,505,1263,30046,23675,53721
ERZINCAN BINALI YILDIRIM UNIVERSITESI,2019-2018,DEVLET,ERZINCAN,5461,3361,8822,6064,6680,12744,800,632,1432,76,47,123,12401,10720,23121
ERZINCAN UNIVERSITESI,2018-2017,DEVLET,ERZINCAN,5002,2994,7996,6074,6467,12541,852,579,1431,68,27,95,11996,10067,22063
ERZINCAN UNIVERSITESI,2017-2016,DEVLET,ERZINCAN,5147,2867,8014,5955,6142,12097,1341,667,2008,64,23,87,12507,9699,22206
ERZINCAN UNIVERSITESI,2016-2015,DEVLET,ERZINCAN,4749,2676,7425,5426,5567,10993,1143,554,1697,63,20,83,11381,8817,20198
ERZINCAN UNIVERSITESI,2015-2014,DEVLET,ERZINCAN,4331,2379,6710,5067,5317,10384,931,441,1372,48,14,62,10377,8151,18528
ERZURUM TEKNIK UNIVERSITESI,2019-2018,DEVLET,ERZURUM,0,0,0,2181,1612,3793,174,111,285,32,22,54,2387,1745,4132
ERZURUM TEKNIK UNIVERSITESI,2018-2017,DEVLET,ERZURUM,0,0,0,2005,1552,3557,170,109,279,21,12,33,2196,1673,3869
ERZURUM TEKNIK UNIVERSITESI,2017-2016,DEVLET,ERZURUM,0,0,0,1796,1380,3176,119,83,202,11,6,17,1926,1469,3395
ERZURUM TEKNIK UNIVERSITESI,2016-2015,DEVLET,ERZURUM,0,0,0,1430,1119,2549,57,39,96,8,6,14,1495,1164,2659
ERZURUM TEKNIK UNIVERSITESI,2015-2014,DEVLET,ERZURUM,0,0,0,985,761,1746,32,23,55,2,3,5,1019,787,1806
ESKISEHIR OSMANGAZI UNIVERSITESI,2019-2018,DEVLET,ESKISEHIR,1296,1103,2399,13556,10912,24468,1521,1151,2672,519,406,925,16892,13572,30464
ESKISEHIR OSMANGAZI UNIVERSITESI,2018-2017,DEVLET,ESKISEHIR,1308,1158,2466,12921,10719,23640,2633,1645,4278,589,429,1018,17451,13951,31402
ESKISEHIR OSMANGAZI UNIVERSITESI,2017-2016,DEVLET,ESKISEHIR,1199,963,2162,12387,10374,22761,2733,1709,4442,576,434,1010,16895,13480,30375
ESKISEHIR OSMANGAZI UNIVERSITESI,2016-2015,DEVLET,ESKISEHIR,977,829,1806,11965,9981,21946,2266,1527,3793,549,407,956,15757,12744,28501
ESKISEHIR OSMANGAZI UNIVERSITESI,2015-2014,DEVLET,ESKISEHIR,788,750,1538,11554,10067,21621,1918,1399,3317,511,366,877,14771,12582,27353
ESKISEHIR TEKNIK UNIVERSITESI,2019-2018,DEVLET,ESKISEHIR,2374,743,3117,4808,3765,8573,1266,780,2046,349,235,584,8797,5523,14320
FARUK SARAC TASARIM MESLEK YUKSEKOKULU,2019-2018,VAKIF MYO,BURSA,216,411,627,0,0,0,0,0,0,0,0,0,216,411,627
FARUK SARAC TASARIM MESLEK YUKSEKOKULU,2018-2017,VAKIF MYO,BURSA,161,370,531,0,0,0,0,0,0,0,0,0,161,370,531
FARUK SARAC TASARIM MESLEK YUKSEKOKULU,2017-2016,VAKIF MYO,BURSA,123,382,505,0,0,0,0,0,0,0,0,0,123,382,505
FARUK SARAC TASARIM MESLEK YUKSEKOKULU,2016-2015,VAKIF MYO,BURSA,96,314,410,0,0,0,0,0,0,0,0,0,96,314,410
FARUK SARAC TASARIM MESLEK YUKSEKOKULU,2015-2014,VAKIF MYO,BURSA,71,237,308,0,0,0,0,0,0,0,0,0,71,237,308
FATIH SULTAN MEHMET VAKIF UNIVERSITESI,2019-2018,VAKIF,ISTANBUL,367,497,864,2131,2863,4994,303,408,711,79,76,155,2880,3844,6724
FATIH SULTAN MEHMET VAKIF UNIVERSITESI,2018-2017,VAKIF,ISTANBUL,378,567,945,2027,2835,4862,305,339,644,65,52,117,2775,3793,6568
FATIH SULTAN MEHMET VAKIF UNIVERSITESI,2017-2016,VAKIF,ISTANBUL,407,657,1064,1813,2686,4499,246,280,526,59,34,93,2525,3657,6182
FATIH SULTAN MEHMET VAKIF UNIVERSITESI,2016-2015,VAKIF,ISTANBUL,336,600,936,1422,2229,3651,232,230,462,68,38,106,2058,3097,5155
FATIH SULTAN MEHMET VAKIF UNIVERSITESI,2015-2014,VAKIF,ISTANBUL,212,397,609,1059,1741,2800,178,178,356,52,33,85,1501,2349,3850
FATIH UNIVERSITESI,2016-2015,VAKIF,ISTANBUL,624,1066,1690,4085,4107,8192,2709,1089,3798,321,218,539,7739,6480,14219
FATIH UNIVERSITESI,2015-2014,VAKIF,ISTANBUL,674,1050,1724,4149,4492,8641,2171,972,3143,302,201,503,7296,6715,14011
FIRAT UNIVERSITESI,2019-2018,DEVLET,ELAZIG,4620,2752,7372,17744,12026,29770,1993,1314,3307,579,350,929,24936,16442,41378
FIRAT UNIVERSITESI,2018-2017,DEVLET,ELAZIG,6249,3021,9270,17035,11138,28173,2792,1399,4191,550,292,842,26626,15850,42476
FIRAT UNIVERSITESI,2017-2016,DEVLET,ELAZIG,6325,2906,9231,16616,10535,27151,2718,1386,4104,487,251,738,26146,15078,41224
FIRAT UNIVERSITESI,2016-2015,DEVLET,ELAZIG,5724,2474,8198,16186,9991,26177,2300,1217,3517,487,269,756,24697,13951,38648
FIRAT UNIVERSITESI,2015-2014,DEVLET,ELAZIG,5217,2246,7463,15500,9683,25183,1785,1018,2803,407,235,642,22909,13182,36091
GALATASARAY UNIVERSITESI,2019-2018,DEVLET,ISTANBUL,129,27,156,1336,1329,2665,628,726,1354,162,152,314,2255,2234,4489
GALATASARAY UNIVERSITESI,2018-2017,DEVLET,ISTANBUL,115,17,132,1215,1231,2446,766,848,1614,179,147,326,2275,2243,4518
GALATASARAY UNIVERSITESI,2017-2016,DEVLET,ISTANBUL,120,12,132,1122,1119,2241,951,1022,1973,168,145,313,2361,2298,4659
GALATASARAY UNIVERSITESI,2016-2015,DEVLET,ISTANBUL,127,6,133,1041,1189,2230,850,938,1788,158,142,300,2176,2275,4451
GALATASARAY UNIVERSITESI,2015-2014,DEVLET,ISTANBUL,112,9,121,983,1188,2171,668,711,1379,138,126,264,1901,2034,3935
GAZI UNIVERSITESI,2019-2018,DEVLET,ANKARA,3936,2099,6035,13492,13778,27270,3245,3799,7044,1607,1649,3256,22280,21325,43605
GAZI UNIVERSITESI,2018-2017,DEVLET,ANKARA,4722,3220,7942,21591,23801,45392,5934,6068,12002,2527,2333,4860,34774,35422,70196
GAZI UNIVERSITESI,2017-2016,DEVLET,ANKARA,4603,3141,7744,21568,23993,45561,11837,9242,21079,3024,2325,5349,41032,38701,79733
GAZI UNIVERSITESI,2016-2015,DEVLET,ANKARA,4349,2978,7327,20670,23941,44611,10136,8114,18250,2696,2124,4820,37851,37157,75008
GAZI UNIVERSITESI,2015-2014,DEVLET,ANKARA,4967,3034,8001,21641,25199,46840,9138,7217,16355,2584,1996,4580,38330,37446,75776
GAZIANTEP UNIVERSITESI,2019-2018,DEVLET,GAZIANTEP,8078,5669,13747,13197,12272,25469,3105,1802,4907,442,250,692,24822,19993,44815
GAZIANTEP UNIVERSITESI,2018-2017,DEVLET,GAZIANTEP,10545,6955,17500,12670,12191,24861,4668,2205,6873,501,268,769,28384,21619,50003
GAZIANTEP UNIVERSITESI,2017-2016,DEVLET,GAZIANTEP,10529,6720,17249,12543,11569,24112,4922,2552,7474,521,276,797,28515,21117,49632
GAZIANTEP UNIVERSITESI,2016-2015,DEVLET,GAZIANTEP,9761,5989,15750,11458,10258,21716,3458,2060,5518,544,290,834,25221,18597,43818
GAZIANTEP UNIVERSITESI,2015-2014,DEVLET,GAZIANTEP,9442,5959,15401,10624,9347,19971,2379,1559,3938,491,256,747,22936,17121,40057
GAZIOSMANPASA UNIVERSITESI,2018-2017,DEVLET,TOKAT,7583,4486,12069,8583,9323,17906,1904,1154,3058,263,129,392,18333,15092,33425
GAZIOSMANPASA UNIVERSITESI,2017-2016,DEVLET,TOKAT,7832,4379,12211,7917,8814,16731,2053,1202,3255,250,127,377,18052,14522,32574
GAZIOSMANPASA UNIVERSITESI,2016-2015,DEVLET,TOKAT,7254,3792,11046,7143,8099,15242,1874,1036,2910,229,124,353,16500,13051,29551
GAZIOSMANPASA UNIVERSITESI,2015-2014,DEVLET,TOKAT,6507,3328,9835,6565,7599,14164,1718,914,2632,223,123,346,15013,11964,26977
GEBZE TEKNIK UNIVERSITESI,2019-2018,DEVLET,KOCAELI,0,0,0,2173,1485,3658,2101,992,3093,472,327,799,4746,2804,7550
GEBZE TEKNIK UNIVERSITESI,2018-2017,DEVLET,KOCAELI,0,0,0,1807,1176,2983,2819,1140,3959,517,296,813,5143,2612,7755
GEBZE TEKNIK UNIVERSITESI,2017-2016,DEVLET,KOCAELI,0,0,0,1518,986,2504,2530,1051,3581,524,257,781,4572,2294,6866
GEBZE TEKNIK UNIVERSITESI,2016-2015,DEVLET,KOCAELI,0,0,0,1361,885,2246,2146,917,3063,481,250,731,3988,2052,6040
GEBZE TEKNIK UNIVERSITESI,2015-2014,DEVLET,KOCAELI,0,0,0,1304,829,2133,1746,748,2494,447,229,676,3497,1806,5303
GEDIK UNIVERSITESI,2016-2015,VAKIF,ISTANBUL,1096,481,1577,1103,705,1808,280,92,372,23,3,26,2502,1281,3783
GEDIK UNIVERSITESI,2015-2014,VAKIF,ISTANBUL,955,466,1421,825,531,1356,215,92,307,10,1,11,2005,1090,3095
GEDIZ UNIVERSITESI,2016-2015,VAKIF,IZMIR,553,754,1307,2722,2846,5568,771,253,1024,44,22,66,4090,3875,7965
GEDIZ UNIVERSITESI,2015-2014,VAKIF,IZMIR,478,746,1224,2388,2488,4876,606,215,821,41,16,57,3513,3465,6978
GIRESUN UNIVERSITESI,2019-2018,DEVLET,GIRESUN,8198,6525,14723,6854,8054,14908,804,708,1512,65,62,127,15921,15349,31270
GIRESUN UNIVERSITESI,2018-2017,DEVLET,GIRESUN,7872,5994,13866,6518,7873,14391,849,639,1488,56,47,103,15295,14553,29848
GIRESUN UNIVERSITESI,2017-2016,DEVLET,GIRESUN,8290,6108,14398,5972,7715,13687,751,563,1314,37,33,70,15050,14419,29469
GIRESUN UNIVERSITESI,2016-2015,DEVLET,GIRESUN,7819,5787,13606,5060,7011,12071,523,437,960,27,26,53,13429,13261,26690
GIRESUN UNIVERSITESI,2015-2014,DEVLET,GIRESUN,7126,5434,12560,4459,6579,11038,254,256,510,16,18,34,11855,12287,24142
GUMUSHANE UNIVERSITESI,2019-2018,DEVLET,GUMUSHANE,3019,2487,5506,5578,5291,10869,530,363,893,55,23,78,9182,8164,17346
GUMUSHANE UNIVERSITESI,2018-2017,DEVLET,GUMUSHANE,3941,2440,6381,5616,5332,10948,612,294,906,34,16,50,10203,8082,18285
GUMUSHANE UNIVERSITESI,2017-2016,DEVLET,GUMUSHANE,4191,2520,6711,5597,5100,10697,504,195,699,16,5,21,10308,7820,18128
GUMUSHANE UNIVERSITESI,2016-2015,DEVLET,GUMUSHANE,4002,2520,6522,5143,4431,9574,414,135,549,9,5,14,9568,7091,16659
GUMUSHANE UNIVERSITESI,2015-2014,DEVLET,GUMUSHANE,3704,2353,6057,4564,3822,8386,317,106,423,1,4,5,8586,6285,14871
HACETTEPE UNIVERSITESI,2019-2018,DEVLET,ANKARA,2871,2426,5297,14894,20437,35331,3415,3835,7250,1867,2262,4129,23047,28960,52007
HACETTEPE UNIVERSITESI,2018-2017,DEVLET,ANKARA,2854,2275,5129,14098,19982,34080,4016,4171,8187,1974,2219,4193,22942,28647,51589
HACETTEPE UNIVERSITESI,2017-2016,DEVLET,ANKARA,2582,1873,4455,13326,19120,32446,5124,4782,9906,1926,2092,4018,22958,27867,50825
HACETTEPE UNIVERSITESI,2016-2015,DEVLET,ANKARA,2332,1455,3787,13065,18843,31908,4398,4326,8724,1827,2010,3837,21622,26634,48256
HACETTEPE UNIVERSITESI,2015-2014,DEVLET,ANKARA,2149,1300,3449,12387,17987,30374,2900,2939,5839,1279,1497,2776,18715,23723,42438
HAKKARI UNIVERSITESI,2019-2018,DEVLET,HAKKARI,734,514,1248,310,311,621,26,10,36,0,0,0,1070,835,1905
HAKKARI UNIVERSITESI,2018-2017,DEVLET,HAKKARI,926,594,1520,273,243,516,0,0,0,0,0,0,1199,837,2036
HAKKARI UNIVERSITESI,2017-2016,DEVLET,HAKKARI,974,673,1647,305,224,529,0,0,0,0,0,0,1279,897,2176
HAKKARI UNIVERSITESI,2016-2015,DEVLET,HAKKARI,947,739,1686,390,294,684,0,0,0,0,0,0,1337,1033,2370
HAKKARI UNIVERSITESI,2015-2014,DEVLET,HAKKARI,884,758,1642,563,382,945,0,0,0,0,0,0,1447,1140,2587
HALIC UNIVERSITESI,2019-2018,VAKIF,ISTANBUL,521,639,1160,4044,4087,8131,655,672,1327,143,55,198,5363,5453,10816
HALIC UNIVERSITESI,2018-2017,VAKIF,ISTANBUL,480,576,1056,3875,3965,7840,656,597,1253,143,40,183,5154,5178,10332
HALIC UNIVERSITESI,2017-2016,VAKIF,ISTANBUL,477,533,1010,4032,4057,8089,729,654,1383,141,33,174,5379,5277,10656
HALIC UNIVERSITESI,2016-2015,VAKIF,ISTANBUL,409,359,768,3599,3365,6964,728,651,1379,150,38,188,4886,4413,9299
HALIC UNIVERSITESI,2015-2014,VAKIF,ISTANBUL,320,334,654,3079,2867,5946,639,570,1209,142,44,186,4180,3815,7995
HARRAN UNIVERSITESI,2019-2018,DEVLET,SANLIURFA,5510,3726,9236,7048,6527,13575,1603,846,2449,210,95,305,14371,11194,25565
HARRAN UNIVERSITESI,2018-2017,DEVLET,SANLIURFA,5603,3226,8829,6569,6103,12672,1867,794,2661,158,83,241,14197,10206,24403
HARRAN UNIVERSITESI,2017-2016,DEVLET,SANLIURFA,5565,3210,8775,6238,5421,11659,1480,694,2174,113,62,175,13396,9387,22783
HARRAN UNIVERSITESI,2016-2015,DEVLET,SANLIURFA,5131,3039,8170,6462,5260,11722,1253,647,1900,106,59,165,12952,9005,21957
HARRAN UNIVERSITESI,2015-2014,DEVLET,SANLIURFA,4611,2646,7257,6500,5140,11640,1066,529,1595,89,53,142,12266,8368,20634
HASAN KALYONCU UNIVERSITESI,2019-2018,VAKIF,GAZIANTEP,209,348,557,2547,3291,5838,809,505,1314,126,96,222,3691,4240,7931
HASAN KALYONCU UNIVERSITESI,2018-2017,VAKIF,GAZIANTEP,207,331,538,2654,3309,5963,1784,579,2363,106,71,177,4751,4290,9041
HASAN KALYONCU UNIVERSITESI,2017-2016,VAKIF,GAZIANTEP,179,267,446,2402,2933,5335,1367,472,1839,72,36,108,4020,3708,7728
HASAN KALYONCU UNIVERSITESI,2016-2015,VAKIF,GAZIANTEP,127,131,258,2138,2096,4234,878,354,1232,57,23,80,3200,2604,5804
HASAN KALYONCU UNIVERSITESI,2015-2014,VAKIF,GAZIANTEP,50,38,88,1674,1524,3198,706,265,971,55,20,75,2485,1847,4332
HATAY MUSTAFA KEMAL UNIVERSITESI,2019-2018,DEVLET,HATAY,4926,3596,8522,6471,6399,12870,1220,690,1910,152,98,250,12769,10783,23552
HITIT UNIVERSITESI,2019-2018,DEVLET,CORUM,5087,2834,7921,4661,4449,9110,777,593,1370,106,51,157,10631,7927,18558
HITIT UNIVERSITESI,2018-2017,DEVLET,CORUM,4767,2503,7270,4625,4445,9070,846,530,1376,95,51,146,10333,7529,17862
HITIT UNIVERSITESI,2017-2016,DEVLET,CORUM,4733,2327,7060,4332,4393,8725,841,491,1332,93,41,134,9999,7252,17251
HITIT UNIVERSITESI,2016-2015,DEVLET,CORUM,4137,1943,6080,3853,4184,8037,737,444,1181,84,36,120,8811,6607,15418
HITIT UNIVERSITESI,2015-2014,DEVLET,CORUM,3651,1671,5322,3435,3955,7390,643,408,1051,69,30,99,7798,6064,13862
IBN HALDUN UNIVERSITESI,2019-2018,VAKIF,ISTANBUL,0,0,0,205,198,403,249,237,486,64,25,89,518,460,978
IBN HALDUN UNIVERSITESI,2018-2017,VAKIF,ISTANBUL,0,0,0,107,106,213,86,86,172,34,15,49,227,207,434
IBN HALDUN UNIVERSITESI,2017-2016,VAKIF,ISTANBUL,0,0,0,0,0,0,38,32,70,27,12,39,65,44,109
IGDIR UNIVERSITESI,2019-2018,DEVLET,IGDIR,1510,1583,3093,1588,1199,2787,611,225,836,14,4,18,3723,3011,6734
IGDIR UNIVERSITESI,2018-2017,DEVLET,IGDIR,1791,1453,3244,1396,990,2386,385,159,544,5,0,5,3577,2602,6179
IGDIR UNIVERSITESI,2017-2016,DEVLET,IGDIR,1781,1421,3202,1299,903,2202,285,129,414,2,0,2,3367,2453,5820
IGDIR UNIVERSITESI,2016-2015,DEVLET,IGDIR,1702,1282,2984,1105,752,1857,228,108,336,2,0,2,3037,2142,5179
IGDIR UNIVERSITESI,2015-2014,DEVLET,IGDIR,1660,1110,2770,1043,695,1738,140,63,203,2,0,2,2845,1868,4713
IHSAN DOGRAMACI BILKENT UNIVERSITESI,2019-2018,VAKIF,ANKARA,0,0,0,5881,5133,11014,390,363,753,232,186,418,6503,5682,12185
IHSAN DOGRAMACI BILKENT UNIVERSITESI,2018-2017,VAKIF,ANKARA,11,4,15,6026,5205,11231,438,384,822,236,204,440,6711,5797,12508
IHSAN DOGRAMACI BILKENT UNIVERSITESI,2017-2016,VAKIF,ANKARA,11,5,16,5899,5171,11070,507,403,910,328,246,574,6745,5825,12570
IHSAN DOGRAMACI BILKENT UNIVERSITESI,2016-2015,VAKIF,ANKARA,13,7,20,6087,5442,11529,555,407,962,333,272,605,6988,6128,13116
IHSAN DOGRAMACI BILKENT UNIVERSITESI,2015-2014,VAKIF,ANKARA,6,2,8,5907,5298,11205,433,367,800,293,271,564,6639,5938,12577
INONU UNIVERSITESI,2019-2018,DEVLET,MALATYA,2795,2079,4874,14197,16165,30362,1768,1264,3032,772,407,1179,19532,19915,39447
INONU UNIVERSITESI,2018-2017,DEVLET,MALATYA,6307,3522,9829,13776,16098,29874,1945,1208,3153,842,401,1243,22870,21229,44099
INONU UNIVERSITESI,2017-2016,DEVLET,MALATYA,6155,3179,9334,13183,15539,28722,1747,1117,2864,715,341,1056,21800,20176,41976
INONU UNIVERSITESI,2016-2015,DEVLET,MALATYA,5910,2786,8696,12264,14434,26698,1284,754,2038,640,323,963,20098,18297,38395
INONU UNIVERSITESI,2015-2014,DEVLET,MALATYA,6061,2835,8896,11588,13085,24673,1089,687,1776,583,304,887,19321,16911,36232
IPEK UNIVERSITESI,2016-2015,VAKIF,ANKARA,0,0,0,347,494,841,16,13,29,0,0,0,363,507,870
IPEK UNIVERSITESI,2015-2014,VAKIF,ANKARA,0,0,0,199,251,450,11,6,17,0,0,0,210,257,467
ISIK UNIVERSITESI,2019-2018,VAKIF,ISTANBUL,540,603,1143,2794,2087,4881,558,341,899,44,27,71,3936,3058,6994
ISIK UNIVERSITESI,2018-2017,VAKIF,ISTANBUL,467,513,980,2814,2202,5016,1258,325,1583,49,29,78,4588,3069,7657
ISIK UNIVERSITESI,2017-2016,VAKIF,ISTANBUL,551,489,1040,2658,2076,4734,916,416,1332,45,27,72,4170,3008,7178
ISIK UNIVERSITESI,2016-2015,VAKIF,ISTANBUL,592,513,1105,2381,1907,4288,483,309,792,39,24,63,3495,2753,6248
ISIK UNIVERSITESI,2015-2014,VAKIF,ISTANBUL,459,415,874,2199,1808,4007,360,249,609,39,25,64,3057,2497,5554
ISKENDERUN TEKNIK UNIVERSITESI,2019-2018,DEVLET,HATAY,3225,888,4113,4696,1251,5947,641,254,895,67,25,92,8629,2418,11047
ISKENDERUN TEKNIK UNIVERSITESI,2018-2017,DEVLET,HATAY,6056,1340,7396,4386,1168,5554,634,188,822,47,17,64,11123,2713,13836
ISKENDERUN TEKNIK UNIVERSITESI,2017-2016,DEVLET,HATAY,6537,1440,7977,4237,1126,5363,465,149,614,36,13,49,11275,2728,14003
ISKENDERUN TEKNIK UNIVERSITESI,2016-2015,DEVLET,HATAY,6188,1353,7541,4136,1093,5229,395,121,516,30,10,40,10749,2577,13326
ISPARTA UYGULAMALI BILIMLER UNIVERSITESI,2019-2018,DEVLET,ISPARTA,18568,10855,29423,4425,1494,5919,739,434,1173,129,76,205,23861,12859,36720
ISTANBUL 29 MAYIS UNIVERSITESI,2019-2018,VAKIF,ISTANBUL,0,0,0,452,862,1314,124,149,273,33,27,60,609,1038,1647
ISTANBUL 29 MAYIS UNIVERSITESI,2018-2017,VAKIF,ISTANBUL,0,0,0,442,839,1281,111,139,250,29,26,55,582,1004,1586
ISTANBUL 29 MAYIS UNIVERSITESI,2017-2016,VAKIF,ISTANBUL,0,0,0,403,741,1144,92,125,217,18,19,37,513,885,1398
ISTANBUL 29 MAYIS UNIVERSITESI,2016-2015,VAKIF,ISTANBUL,0,0,0,368,612,980,82,101,183,13,15,28,463,728,1191
ISTANBUL 29 MAYIS UNIVERSITESI,2015-2014,VAKIF,ISTANBUL,0,0,0,298,441,739,57,64,121,4,8,12,359,513,872
ISTANBUL AREL UNIVERSITESI,2019-2018,VAKIF,ISTANBUL,2773,2303,5076,2909,2776,5685,1756,944,2700,125,110,235,7563,6133,13696
ISTANBUL AREL UNIVERSITESI,2018-2017,VAKIF,ISTANBUL,3706,3403,7109,3447,3273,6720,2575,851,3426,131,95,226,9859,7622,17481
ISTANBUL AREL UNIVERSITESI,2017-2016,VAKIF,ISTANBUL,4192,3866,8058,3748,3504,7252,3063,935,3998,95,75,170,11098,8380,19478
ISTANBUL AREL UNIVERSITESI,2016-2015,VAKIF,ISTANBUL,3842,3715,7557,3665,3317,6982,2471,932,3403,88,74,162,10066,8038,18104
ISTANBUL AREL UNIVERSITESI,2015-2014,VAKIF,ISTANBUL,3000,3145,6145,3525,3210,6735,1714,754,2468,84,53,137,8323,7162,15485
ISTANBUL AYDIN UNIVERSITESI,2019-2018,VAKIF,ISTANBUL,8111,6844,14955,8403,8106,16509,2423,1832,4255,164,116,280,19101,16898,35999
ISTANBUL AYDIN UNIVERSITESI,2018-2017,VAKIF,ISTANBUL,9475,8050,17525,8182,8143,16325,3318,1808,5126,189,114,303,21164,18115,39279
ISTANBUL AYDIN UNIVERSITESI,2017-2016,VAKIF,ISTANBUL,10136,8580,18716,7745,7543,15288,2841,1477,4318,202,113,315,20924,17713,38637
ISTANBUL AYDIN UNIVERSITESI,2016-2015,VAKIF,ISTANBUL,9501,8390,17891,6907,6825,13732,2282,1198,3480,181,106,287,18871,16519,35390
ISTANBUL AYDIN UNIVERSITESI,2015-2014,VAKIF,ISTANBUL,8176,7557,15733,6338,6226,12564,1991,1058,3049,145,86,231,16650,14927,31577
ISTANBUL AYVANSARAY UNIVERSITESI,2019-2018,VAKIF,ISTANBUL,2475,2844,5319,133,172,305,62,48,110,0,0,0,2670,3064,5734
ISTANBUL AYVANSARAY UNIVERSITESI,2018-2017,VAKIF,ISTANBUL,2719,3248,5967,56,57,113,0,0,0,0,0,0,2775,3305,6080
ISTANBUL AYVANSARAY UNIVERSITESI,2017-2016,VAKIF,ISTANBUL,2361,3026,5387,0,0,0,0,0,0,0,0,0,2361,3026,5387
ISTANBUL BILGI UNIVERSITESI,2019-2018,VAKIF,ISTANBUL,2697,2654,5351,8441,8048,16489,1396,1799,3195,113,116,229,12647,12617,25264
ISTANBUL BILGI UNIVERSITESI,2018-2017,VAKIF,ISTANBUL,3076,3308,6384,8383,8254,16637,1786,1949,3735,169,163,332,13414,13674,27088
ISTANBUL BILGI UNIVERSITESI,2017-2016,VAKIF,ISTANBUL,3289,3715,7004,7930,7933,15863,3185,2973,6158,180,168,348,14584,14789,29373
ISTANBUL BILGI UNIVERSITESI,2016-2015,VAKIF,ISTANBUL,2265,2551,4816,6853,6936,13789,3000,2897,5897,163,153,316,12281,12537,24818
ISTANBUL BILGI UNIVERSITESI,2015-2014,VAKIF,ISTANBUL,1138,1314,2452,5644,6020,11664,2619,2596,5215,157,135,292,9558,10065,19623
ISTANBUL BILIM UNIVERSITESI,2018-2017,VAKIF,ISTANBUL,325,478,803,551,1281,1832,19,90,109,0,6,6,895,1855,2750
ISTANBUL BILIM UNIVERSITESI,2017-2016,VAKIF,ISTANBUL,487,667,1154,444,1215,1659,20,103,123,0,4,4,951,1989,2940
ISTANBUL BILIM UNIVERSITESI,2016-2015,VAKIF,ISTANBUL,628,741,1369,390,1197,1587,21,113,134,0,5,5,1039,2056,3095
ISTANBUL BILIM UNIVERSITESI,2015-2014,VAKIF,ISTANBUL,633,678,1311,398,1261,1659,22,119,141,0,9,9,1053,2067,3120
ISTANBUL ESENYURT UNIVERSITESI,2019-2018,VAKIF,ISTANBUL,1357,1252,2609,1926,1649,3575,606,346,952,0,0,0,3889,3247,7136
ISTANBUL ESENYURT UNIVERSITESI,2018-2017,VAKIF,ISTANBUL,1156,1148,2304,1770,1506,3276,2544,451,2995,0,0,0,5470,3105,8575
ISTANBUL ESENYURT UNIVERSITESI,2017-2016,VAKIF,ISTANBUL,902,937,1839,1241,1066,2307,1237,378,1615,0,0,0,3380,2381,5761
ISTANBUL ESENYURT UNIVERSITESI,2016-2015,VAKIF,ISTANBUL,538,532,1070,646,611,1257,746,262,1008,0,0,0,1930,1405,3335
ISTANBUL ESENYURT UNIVERSITESI,2015-2014,VAKIF,ISTANBUL,738,887,1625,726,807,1533,246,263,509,0,0,0,1710,1957,3667
ISTANBUL GEDIK UNIVERSITESI,2019-2018,VAKIF,ISTANBUL,948,483,1431,1462,967,2429,420,194,614,49,14,63,2879,1658,4537
ISTANBUL GEDIK UNIVERSITESI,2018-2017,VAKIF,ISTANBUL,1068,526,1594,1385,855,2240,438,101,539,48,8,56,2939,1490,4429
ISTANBUL GEDIK UNIVERSITESI,2017-2016,VAKIF,ISTANBUL,1211,550,1761,1180,733,1913,424,110,534,37,4,41,2852,1397,4249
ISTANBUL GELISIM UNIVERSITESI,2019-2018,VAKIF,ISTANBUL,4985,4320,9305,6764,5630,12394,1130,769,1899,109,32,141,12988,10751,23739
ISTANBUL GELISIM UNIVERSITESI,2018-2017,VAKIF,ISTANBUL,4635,4581,9216,5956,5304,11260,1544,532,2076,103,24,127,12238,10441,22679
ISTANBUL GELISIM UNIVERSITESI,2017-2016,VAKIF,ISTANBUL,5077,5256,10333,5118,4707,9825,1792,579,2371,87,23,110,12074,10565,22639
ISTANBUL GELISIM UNIVERSITESI,2016-2015,VAKIF,ISTANBUL,4344,4455,8799,3723,3285,7008,1471,458,1929,72,20,92,9610,8218,17828
ISTANBUL GELISIM UNIVERSITESI,2015-2014,VAKIF,ISTANBUL,3224,3480,6704,2496,2031,4527,1558,533,2091,49,9,58,7327,6053,13380
ISTANBUL KAVRAM MESLEK YUKSEKOKULU,2019-2018,VAKIF MYO,ISTANBUL,995,982,1977,0,0,0,0,0,0,0,0,0,995,982,1977
ISTANBUL KAVRAM MESLEK YUKSEKOKULU,2017-2016,VAKIF MYO,ISTANBUL,1983,2010,3993,0,0,0,0,0,0,0,0,0,1983,2010,3993
ISTANBUL KAVRAM MESLEK YUKSEKOKULU,2016-2015,VAKIF MYO,ISTANBUL,1371,1332,2703,0,0,0,0,0,0,0,0,0,1371,1332,2703
ISTANBUL KAVRAM MESLEK YUKSEKOKULU,2015-2014,VAKIF MYO,ISTANBUL,908,960,1868,0,0,0,0,0,0,0,0,0,908,960,1868
ISTANBUL KEMERBURGAZ UNIVERSITESI,2017-2016,VAKIF,ISTANBUL,548,693,1241,2438,2538,4976,777,246,1023,47,17,64,3810,3494,7304
ISTANBUL KEMERBURGAZ UNIVERSITESI,2016-2015,VAKIF,ISTANBUL,326,479,805,3632,3147,6779,443,167,610,48,23,71,4449,3816,8265
ISTANBUL KEMERBURGAZ UNIVERSITESI,2015-2014,VAKIF,ISTANBUL,106,191,297,1489,1621,3110,326,127,453,1,0,1,1922,1939,3861
ISTANBUL KENT UNIVERSITESI,2019-2018,VAKIF,ISTANBUL,101,344,445,96,540,636,671,351,1022,0,0,0,868,1235,2103
ISTANBUL KENT UNIVERSITESI,2018-2017,VAKIF,ISTANBUL,25,93,118,33,232,265,631,26,657,0,0,0,689,351,1040
ISTANBUL KULTUR UNIVERSITESI,2019-2018,VAKIF,ISTANBUL,1726,1333,3059,5853,5218,11071,843,520,1363,132,72,204,8554,7143,15697
ISTANBUL KULTUR UNIVERSITESI,2018-2017,VAKIF,ISTANBUL,1532,1254,2786,5895,5402,11297,866,442,1308,134,65,199,8427,7163,15590
ISTANBUL KULTUR UNIVERSITESI,2017-2016,VAKIF,ISTANBUL,1580,1334,2914,5476,4986,10462,814,409,1223,120,54,174,7990,6783,14773
ISTANBUL KULTUR UNIVERSITESI,2016-2015,VAKIF,ISTANBUL,1467,1257,2724,4522,4059,8581,626,369,995,120,45,165,6735,5730,12465
ISTANBUL KULTUR UNIVERSITESI,2015-2014,VAKIF,ISTANBUL,1341,1139,2480,4160,3589,7749,569,349,918,117,48,165,6187,5125,11312
ISTANBUL MEDENIYET UNIVERSITESI,2019-2018,DEVLET,ISTANBUL,0,0,0,2580,3304,5884,860,492,1352,172,146,318,3612,3942,7554
ISTANBUL MEDENIYET UNIVERSITESI,2018-2017,DEVLET,ISTANBUL,0,0,0,1561,2042,3603,1045,401,1446,148,104,252,2754,2547,5301
ISTANBUL MEDENIYET UNIVERSITESI,2017-2016,DEVLET,ISTANBUL,0,0,0,1077,1298,2375,1229,391,1620,103,61,164,2409,1750,4159
ISTANBUL MEDENIYET UNIVERSITESI,2016-2015,DEVLET,ISTANBUL,0,0,0,551,703,1254,580,259,839,77,41,118,1208,1003,2211
ISTANBUL MEDENIYET UNIVERSITESI,2015-2014,DEVLET,ISTANBUL,0,0,0,320,452,772,405,221,626,51,28,79,776,701,1477
ISTANBUL MEDIPOL UNIVERSITESI,2019-2018,VAKIF,ISTANBUL,4180,7169,11349,5522,11904,17426,508,847,1355,216,270,486,10426,20190,30616
ISTANBUL MEDIPOL UNIVERSITESI,2018-2017,VAKIF,ISTANBUL,3781,6901,10682,4388,9690,14078,513,752,1265,179,208,387,8861,17551,26412
ISTANBUL MEDIPOL UNIVERSITESI,2017-2016,VAKIF,ISTANBUL,3246,5911,9157,3036,6914,9950,442,689,1131,110,125,235,6834,13639,20473
ISTANBUL MEDIPOL UNIVERSITESI,2016-2015,VAKIF,ISTANBUL,1482,2665,4147,1839,4153,5992,339,546,885,64,81,145,3724,7445,11169
ISTANBUL MEDIPOL UNIVERSITESI,2015-2014,VAKIF,ISTANBUL,254,559,813,1043,2412,3455,223,365,588,42,44,86,1562,3380,4942
ISTANBUL OKAN UNIVERSITESI,2019-2018,VAKIF,ISTANBUL,2351,2174,4525,5379,5010,10389,5593,1701,7294,224,154,378,13547,9039,22586
ISTANBUL RUMELI UNIVERSITESI,2019-2018,VAKIF,ISTANBUL,624,762,1386,223,238,461,489,107,596,0,0,0,1336,1107,2443
ISTANBUL RUMELI UNIVERSITESI,2018-2017,VAKIF,ISTANBUL,473,597,1070,111,118,229,307,44,351,0,0,0,891,759,1650
ISTANBUL RUMELI UNIVERSITESI,2017-2016,VAKIF,ISTANBUL,296,332,628,19,29,48,0,0,0,0,0,0,315,361,676
ISTANBUL SABAHATTIN ZAIM UNIVERSITESI,2019-2018,VAKIF,ISTANBUL,0,0,0,2750,4540,7290,1609,994,2603,440,120,560,4799,5654,10453
ISTANBUL SABAHATTIN ZAIM UNIVERSITESI,2018-2017,VAKIF,ISTANBUL,0,0,0,2381,4057,6438,1641,782,2423,381,77,458,4403,4916,9319
ISTANBUL SABAHATTIN ZAIM UNIVERSITESI,2017-2016,VAKIF,ISTANBUL,0,0,0,1709,3238,4947,1278,529,1807,249,50,299,3236,3817,7053
ISTANBUL SABAHATTIN ZAIM UNIVERSITESI,2016-2015,VAKIF,ISTANBUL,0,0,0,1091,2188,3279,872,341,1213,136,30,166,2099,2559,4658
ISTANBUL SABAHATTIN ZAIM UNIVERSITESI,2015-2014,VAKIF,ISTANBUL,0,0,0,572,1235,1807,474,175,649,51,10,61,1097,1420,2517
ISTANBUL SEHIR UNIVERSITESI,2019-2018,VAKIF,ISTANBUL,336,393,729,2384,2135,4519,454,365,819,13,28,41,3187,2921,6108
ISTANBUL SEHIR UNIVERSITESI,2018-2017,VAKIF,ISTANBUL,185,278,463,2229,1909,4138,435,286,721,14,17,31,2863,2490,5353
ISTANBUL SEHIR UNIVERSITESI,2017-2016,VAKIF,ISTANBUL,85,113,198,2131,1789,3920,467,236,703,12,15,27,2695,2153,4848
ISTANBUL SEHIR UNIVERSITESI,2016-2015,VAKIF,ISTANBUL,0,0,0,1847,1510,3357,444,201,645,12,9,21,2303,1720,4023
ISTANBUL SEHIR UNIVERSITESI,2015-2014,VAKIF,ISTANBUL,0,0,0,1548,1267,2815,375,195,570,2,6,8,1925,1468,3393
ISTANBUL SISLI MESLEK YUKSEKOKULU,2019-2018,VAKIF MYO,ISTANBUL,1855,2190,4045,0,0,0,0,0,0,0,0,0,1855,2190,4045
ISTANBUL SISLI MESLEK YUKSEKOKULU,2018-2017,VAKIF MYO,ISTANBUL,1353,1665,3018,0,0,0,0,0,0,0,0,0,1353,1665,3018
ISTANBUL SISLI MESLEK YUKSEKOKULU,2017-2016,VAKIF MYO,ISTANBUL,1085,1435,2520,0,0,0,0,0,0,0,0,0,1085,1435,2520
ISTANBUL SISLI MESLEK YUKSEKOKULU,2016-2015,VAKIF MYO,ISTANBUL,899,1360,2259,0,0,0,0,0,0,0,0,0,899,1360,2259
ISTANBUL SISLI MESLEK YUKSEKOKULU,2015-2014,VAKIF MYO,ISTANBUL,597,1144,1741,0,0,0,0,0,0,0,0,0,597,1144,1741
ISTANBUL TEKNIK UNIVERSITESI,2019-2018,DEVLET,ISTANBUL,41,6,47,17871,8362,26233,5633,3580,9213,2208,1555,3763,25753,13503,39256
ISTANBUL TEKNIK UNIVERSITESI,2018-2017,DEVLET,ISTANBUL,44,6,50,17171,8031,25202,6869,4173,11042,2182,1535,3717,26266,13745,40011
ISTANBUL TEKNIK UNIVERSITESI,2017-2016,DEVLET,ISTANBUL,47,7,54,15978,7442,23420,7299,4535,11834,2399,1622,4021,25723,13606,39329
ISTANBUL TEKNIK UNIVERSITESI,2016-2015,DEVLET,ISTANBUL,50,7,57,15918,7461,23379,6865,4222,11087,2205,1470,3675,25038,13160,38198
ISTANBUL TEKNIK UNIVERSITESI,2015-2014,DEVLET,ISTANBUL,55,7,62,15188,7031,22219,6420,3907,10327,2005,1309,3314,23668,12254,35922
ISTANBUL TICARET UNIVERSITESI,2019-2018,VAKIF,ISTANBUL,120,90,210,3468,2729,6197,1252,808,2060,325,170,495,5165,3797,8962
ISTANBUL TICARET UNIVERSITESI,2018-2017,VAKIF,ISTANBUL,125,95,220,3278,2572,5850,1506,929,2435,354,145,499,5263,3741,9004
ISTANBUL TICARET UNIVERSITESI,2017-2016,VAKIF,ISTANBUL,143,103,246,3158,2620,5778,1204,818,2022,300,116,416,4805,3657,8462
ISTANBUL TICARET UNIVERSITESI,2016-2015,VAKIF,ISTANBUL,210,147,357,2911,2393,5304,1099,873,1972,291,104,395,4511,3517,8028
ISTANBUL TICARET UNIVERSITESI,2015-2014,VAKIF,ISTANBUL,306,215,521,2645,2235,4880,941,816,1757,217,82,299,4109,3348,7457
ISTANBUL UNIVERSITESI,2019-2018,DEVLET,ISTANBUL,28889,43361,72250,86953,126988,213941,6950,6620,13570,3135,2734,5869,125927,179703,305630
ISTANBUL UNIVERSITESI,2018-2017,DEVLET,ISTANBUL,28651,38251,66902,85185,94995,180180,10462,9221,19683,4016,3683,7699,128314,146150,274464
ISTANBUL UNIVERSITESI,2017-2016,DEVLET,ISTANBUL,23324,30120,53444,79692,89019,168711,12190,9584,21774,4263,3581,7844,119469,132304,251773
ISTANBUL UNIVERSITESI,2016-2015,DEVLET,ISTANBUL,18333,22206,40539,66375,67581,133956,8756,8166,16922,3796,3295,7091,97260,101248,198508
ISTANBUL UNIVERSITESI,2015-2014,DEVLET,ISTANBUL,13626,14394,28020,60798,62161,122959,7990,7545,15535,3573,3103,6676,85987,87203,173190
ISTANBUL UNIVERSITESI-CERRAHPASA,2019-2018,DEVLET,ISTANBUL,7935,4483,12418,10744,9785,20529,1768,1910,3678,944,1119,2063,21391,17297,38688
ISTANBUL YENI YUZYIL UNIVERSITESI,2019-2018,VAKIF,ISTANBUL,784,939,1723,2611,2929,5540,1218,368,1586,34,15,49,4647,4251,8898
ISTANBUL YENI YUZYIL UNIVERSITESI,2018-2017,VAKIF,ISTANBUL,735,892,1627,2740,2984,5724,1103,315,1418,24,12,36,4602,4203,8805
ISTANBUL YENI YUZYIL UNIVERSITESI,2017-2016,VAKIF,ISTANBUL,873,1051,1924,2533,2817,5350,1031,402,1433,12,7,19,4449,4277,8726
ISTINYE UNIVERSITESI,2019-2018,VAKIF,ISTANBUL,809,1216,2025,1004,1987,2991,234,198,432,0,0,0,2047,3401,5448
ISTINYE UNIVERSITESI,2018-2017,VAKIF,ISTANBUL,501,694,1195,324,837,1161,161,73,234,0,0,0,986,1604,2590
ISTINYE UNIVERSITESI,2017-2016,VAKIF,ISTANBUL,122,206,328,73,180,253,7,16,23,0,0,0,202,402,604
IZMIR BAKIRCAY UNIVERSITESI,2019-2018,DEVLET,IZMIR,25,40,65,338,428,766,0,0,0,0,0,0,363,468,831
IZMIR DEMOKRASI UNIVERSITESI,2019-2018,DEVLET,IZMIR,0,0,0,910,1055,1965,152,120,272,2,2,4,1064,1177,2241
IZMIR DEMOKRASI UNIVERSITESI,2018-2017,DEVLET,IZMIR,0,0,0,66,90,156,113,31,144,0,0,0,179,121,300
IZMIR EKONOMI UNIVERSITESI,2019-2018,VAKIF,IZMIR,726,877,1603,3483,3560,7043,328,270,598,36,42,78,4573,4749,9322
IZMIR EKONOMI UNIVERSITESI,2018-2017,VAKIF,IZMIR,740,923,1663,3602,3643,7245,498,296,794,35,37,72,4875,4899,9774
IZMIR EKONOMI UNIVERSITESI,2017-2016,VAKIF,IZMIR,754,939,1693,3619,3583,7202,661,337,998,30,39,69,5064,4898,9962
IZMIR EKONOMI UNIVERSITESI,2016-2015,VAKIF,IZMIR,619,687,1306,3827,4042,7869,559,378,937,39,42,81,5044,5149,10193
IZMIR EKONOMI UNIVERSITESI,2015-2014,VAKIF,IZMIR,386,388,774,3022,3094,6116,370,282,652,28,35,63,3806,3799,7605
IZMIR KATIP CELEBI UNIVERSITESI,2019-2018,DEVLET,IZMIR,222,426,648,4524,4822,9346,1363,770,2133,196,114,310,6305,6132,12437
IZMIR KATIP CELEBI UNIVERSITESI,2018-2017,DEVLET,IZMIR,167,399,566,3789,4071,7860,1539,705,2244,178,102,280,5673,5277,10950
IZMIR KATIP CELEBI UNIVERSITESI,2017-2016,DEVLET,IZMIR,154,393,547,3172,3351,6523,1879,878,2757,174,86,260,5379,4708,10087
IZMIR KATIP CELEBI UNIVERSITESI,2016-2015,DEVLET,IZMIR,61,237,298,2121,2299,4420,965,674,1639,110,64,174,3257,3274,6531
IZMIR KATIP CELEBI UNIVERSITESI,2015-2014,DEVLET,IZMIR,27,146,173,1500,1567,3067,713,550,1263,84,49,133,2324,2312,4636
IZMIR KAVRAM MESLEK YUKSEKOKULU,2019-2018,VAKIF MYO,ISTANBUL,250,360,610,0,0,0,0,0,0,0,0,0,250,360,610
IZMIR UNIVERSITESI,2016-2015,VAKIF,IZMIR,206,296,502,2310,2628,4938,307,217,524,0,0,0,2823,3141,5964
IZMIR UNIVERSITESI,2015-2014,VAKIF,IZMIR,148,205,353,2045,2263,4308,227,173,400,0,0,0,2420,2641,5061
IZMIR YUKSEK TEKNOLOJI ENSTITUSU,2019-2018,DEVLET,IZMIR,0,0,0,2051,1698,3749,518,497,1015,205,213,418,2774,2408,5182
IZMIR YUKSEK TEKNOLOJI ENSTITUSU,2018-2017,DEVLET,IZMIR,0,0,0,1916,1501,3417,641,616,1257,205,251,456,2762,2368,5130
IZMIR YUKSEK TEKNOLOJI ENSTITUSU,2017-2016,DEVLET,IZMIR,0,0,0,1701,1369,3070,682,615,1297,201,271,472,2584,2255,4839
IZMIR YUKSEK TEKNOLOJI ENSTITUSU,2016-2015,DEVLET,IZMIR,0,0,0,1529,1247,2776,601,561,1162,174,255,429,2304,2063,4367
IZMIR YUKSEK TEKNOLOJI ENSTITUSU,2015-2014,DEVLET,IZMIR,0,0,0,1451,1207,2658,540,495,1035,169,219,388,2160,1921,4081
KADIR HAS UNIVERSITESI,2019-2018,VAKIF,ISTANBUL,239,225,464,2628,2625,5253,339,342,681,177,69,246,3383,3261,6644
KADIR HAS UNIVERSITESI,2018-2017,VAKIF,ISTANBUL,475,334,809,2626,2554,5180,449,395,844,212,65,277,3762,3348,7110
KADIR HAS UNIVERSITESI,2017-2016,VAKIF,ISTANBUL,512,343,855,2628,2437,5065,449,353,802,212,59,271,3801,3192,6993
KADIR HAS UNIVERSITESI,2016-2015,VAKIF,ISTANBUL,492,320,812,2463,2199,4662,387,313,700,186,46,232,3528,2878,6406
KADIR HAS UNIVERSITESI,2015-2014,VAKIF,ISTANBUL,445,317,762,2441,2097,4538,334,278,612,170,48,218,3390,2740,6130
KAFKAS UNIVERSITESI,2019-2018,DEVLET,KARS,3057,2820,5877,6780,6248,13028,679,514,1193,84,63,147,10600,9645,20245
KAFKAS UNIVERSITESI,2018-2017,DEVLET,KARS,2804,2500,5304,6620,6004,12624,794,557,1351,73,51,124,10291,9112,19403
KAFKAS UNIVERSITESI,2017-2016,DEVLET,KARS,2778,2520,5298,6271,5522,11793,877,573,1450,65,52,117,9991,8667,18658
KAFKAS UNIVERSITESI,2016-2015,DEVLET,KARS,2860,2490,5350,5928,5086,11014,714,463,1177,69,56,125,9571,8095,17666
KAFKAS UNIVERSITESI,2015-2014,DEVLET,KARS,2724,2276,5000,5405,4735,10140,607,384,991,67,45,112,8803,7440,16243
KAHRAMANMARAS ISTIKLAL UNIVERSITESI,2019-2018,DEVLET,KAHRAMANMARAS,1167,321,1488,0,0,0,0,0,0,0,0,0,1167,321,1488
KAHRAMANMARAS SUTCU IMAM UNIVERSITESI,2019-2018,DEVLET,KAHRAMANMARAS,7414,5239,12653,8834,8261,17095,2365,1249,3614,291,168,459,18904,14917,33821
KAHRAMANMARAS SUTCU IMAM UNIVERSITESI,2018-2017,DEVLET,KAHRAMANMARAS,9673,5444,15117,8423,7970,16393,3266,1258,4524,315,163,478,21677,14835,36512
KAHRAMANMARAS SUTCU IMAM UNIVERSITESI,2017-2016,DEVLET,KAHRAMANMARAS,10015,5165,15180,7825,7452,15277,4232,1532,5764,327,158,485,22399,14307,36706
KAHRAMANMARAS SUTCU IMAM UNIVERSITESI,2016-2015,DEVLET,KAHRAMANMARAS,9340,4675,14015,7374,6936,14310,3505,1501,5006,324,164,488,20543,13276,33819
KAHRAMANMARAS SUTCU IMAM UNIVERSITESI,2015-2014,DEVLET,KAHRAMANMARAS,8152,4036,12188,6800,6425,13225,2492,1169,3661,232,128,360,17676,11758,29434
KAPADOKYA MESLEK YUKSEKOKULU,2017-2016,VAKIF MYO,NEVSEHIR,1858,1960,3818,0,0,0,0,0,0,0,0,0,1858,1960,3818
KAPADOKYA MESLEK YUKSEKOKULU,2016-2015,VAKIF MYO,NEVSEHIR,1540,1612,3152,0,0,0,0,0,0,0,0,0,1540,1612,3152
KAPADOKYA MESLEK YUKSEKOKULU,2015-2014,VAKIF MYO,NEVSEHIR,907,923,1830,0,0,0,0,0,0,0,0,0,907,923,1830
KAPADOKYA UNIVERSITESI,2019-2018,VAKIF,NEVSEHIR,2063,2029,4092,100,185,285,52,19,71,0,0,0,2215,2233,4448
KAPADOKYA UNIVERSITESI,2018-2017,VAKIF,NEVSEHIR,2256,2077,4333,0,0,0,0,0,0,0,0,0,2256,2077,4333
KARABUK UNIVERSITESI,2019-2018,DEVLET,KARABUK,8786,5840,14626,20814,13010,33824,1955,1187,3142,369,89,458,31924,20126,52050
KARABUK UNIVERSITESI,2018-2017,DEVLET,KARABUK,8148,5258,13406,20984,13595,34579,1838,953,2791,346,66,412,31316,19872,51188
KARABUK UNIVERSITESI,2017-2016,DEVLET,KARABUK,8281,5409,13690,20623,13291,33914,1863,808,2671,319,50,369,31086,19558,50644
KARABUK UNIVERSITESI,2016-2015,DEVLET,KARABUK,7364,5278,12642,19647,12140,31787,1483,653,2136,282,46,328,28776,18117,46893
KARABUK UNIVERSITESI,2015-2014,DEVLET,KARABUK,6102,4384,10486,17124,10494,27618,1267,518,1785,245,42,287,24738,15438,40176
KARADENIZ TEKNIK UNIVERSITESI,2019-2018,DEVLET,TRABZON,2635,1552,4187,16548,13043,29591,1835,1490,3325,700,519,1219,21718,16604,38322
KARADENIZ TEKNIK UNIVERSITESI,2018-2017,DEVLET,TRABZON,7330,4454,11784,19602,18453,38055,3278,2413,5691,889,673,1562,31099,25993,57092
KARADENIZ TEKNIK UNIVERSITESI,2017-2016,DEVLET,TRABZON,7188,4314,11502,19403,18423,37826,3590,2477,6067,843,638,1481,31024,25852,56876
KARADENIZ TEKNIK UNIVERSITESI,2016-2015,DEVLET,TRABZON,6652,3837,10489,19391,18203,37594,3875,2771,6646,801,594,1395,30719,25405,56124
KARADENIZ TEKNIK UNIVERSITESI,2015-2014,DEVLET,TRABZON,6344,3489,9833,19622,18178,37800,3058,2371,5429,755,560,1315,29779,24598,54377
KARAMANOGLU MEHMETBEY UNIVERSITESI,2019-2018,DEVLET,KARAMAN,2575,3039,5614,3622,4293,7915,695,482,1177,25,24,49,6917,7838,14755
KARAMANOGLU MEHMETBEY UNIVERSITESI,2018-2017,DEVLET,KARAMAN,3284,3140,6424,3418,4044,7462,610,355,965,9,12,21,7321,7551,14872
KARAMANOGLU MEHMETBEY UNIVERSITESI,2017-2016,DEVLET,KARAMAN,3282,2926,6208,3261,3975,7236,400,279,679,5,9,14,6948,7189,14137
KARAMANOGLU MEHMETBEY UNIVERSITESI,2016-2015,DEVLET,KARAMAN,2819,2386,5205,2996,3704,6700,320,228,548,5,9,14,6140,6327,12467
KARAMANOGLU MEHMETBEY UNIVERSITESI,2015-2014,DEVLET,KARAMAN,2403,1923,4326,2703,3539,6242,216,150,366,6,12,18,5328,5624,10952
KASTAMONU UNIVERSITESI,2019-2018,DEVLET,KASTAMONU,5599,3568,9167,8433,8461,16894,2687,1414,4101,244,107,351,16963,13550,30513
KASTAMONU UNIVERSITESI,2018-2017,DEVLET,KASTAMONU,7147,3644,10791,7210,7983,15193,2018,844,2862,201,87,288,16576,12558,29134
KASTAMONU UNIVERSITESI,2017-2016,DEVLET,KASTAMONU,7575,3688,11263,6196,7501,13697,1061,675,1736,154,61,215,14986,11925,26911
KASTAMONU UNIVERSITESI,2016-2015,DEVLET,KASTAMONU,6919,3433,10352,5116,6577,11693,681,474,1155,115,47,162,12831,10531,23362
KASTAMONU UNIVERSITESI,2015-2014,DEVLET,KASTAMONU,6449,3250,9699,4176,5736,9912,466,299,765,45,29,74,11136,9314,20450
KAYSERI UNIVERSITESI,2019-2018,DEVLET,KAYSERI,9358,3898,13256,811,611,1422,62,36,98,3,3,6,10234,4548,14782
KILIS 7 ARALIK UNIVERSITESI,2019-2018,DEVLET,KILIS,1459,1237,2696,2534,3237,5771,225,140,365,1,0,1,4219,4614,8833
KILIS 7 ARALIK UNIVERSITESI,2018-2017,DEVLET,KILIS,1795,1311,3106,2498,3206,5704,231,104,335,1,2,3,4525,4623,9148
KILIS 7 ARALIK UNIVERSITESI,2017-2016,DEVLET,KILIS,1379,1077,2456,2365,3157,5522,94,50,144,0,1,1,3838,4285,8123
KILIS 7 ARALIK UNIVERSITESI,2016-2015,DEVLET,KILIS,1339,1145,2484,2543,3371,5914,98,50,148,1,1,2,3981,4567,8548
KILIS 7 ARALIK UNIVERSITESI,2015-2014,DEVLET,KILIS,1179,963,2142,2228,3078,5306,93,58,151,2,2,4,3502,4101,7603
KIRIKKALE UNIVERSITESI,2019-2018,DEVLET,KIRIKKALE,5338,3001,8339,11894,12602,24496,1745,1268,3013,393,186,579,19370,17057,36427
KIRIKKALE UNIVERSITESI,2018-2017,DEVLET,KIRIKKALE,8075,3413,11488,11426,12389,23815,2387,1307,3694,411,177,588,22299,17286,39585
KIRIKKALE UNIVERSITESI,2017-2016,DEVLET,KIRIKKALE,8019,3229,11248,10366,11623,21989,2557,1311,3868,415,172,587,21357,16335,37692
KIRIKKALE UNIVERSITESI,2016-2015,DEVLET,KIRIKKALE,7167,3005,10172,9310,10415,19725,2096,1188,3284,366,157,523,18939,14765,33704
KIRIKKALE UNIVERSITESI,2015-2014,DEVLET,KIRIKKALE,6351,2723,9074,8562,9475,18037,1684,1018,2702,330,138,468,16927,13354,30281
KIRKLARELI UNIVERSITESI,2019-2018,DEVLET,KIRKLARELI,5793,4232,10025,5410,6148,11558,722,421,1143,11,12,23,11936,10813,22749
KIRKLARELI UNIVERSITESI,2018-2017,DEVLET,KIRKLARELI,8285,5567,13852,4862,5963,10825,801,361,1162,15,10,25,13963,11901,25864
KIRKLARELI UNIVERSITESI,2017-2016,DEVLET,KIRKLARELI,8723,5774,14497,4068,5457,9525,379,286,665,14,5,19,13184,11522,24706
KIRKLARELI UNIVERSITESI,2016-2015,DEVLET,KIRKLARELI,7979,5424,13403,3153,4731,7884,293,224,517,13,3,16,11438,10382,21820
KIRKLARELI UNIVERSITESI,2015-2014,DEVLET,KIRKLARELI,7056,4872,11928,2400,3946,6346,208,170,378,12,3,15,9676,8991,18667
KIRSEHIR AHI EVRAN UNIVERSITESI,2019-2018,DEVLET,KIRSEHIR,3676,2514,6190,4411,5791,10202,519,439,958,33,29,62,8639,8773,17412
KOC UNIVERSITESI,2019-2018,VAKIF,ISTANBUL,0,0,0,3356,3157,6513,376,430,806,323,305,628,4055,3892,7947
KOC UNIVERSITESI,2018-2017,VAKIF,ISTANBUL,0,0,0,3039,3092,6131,344,382,726,295,269,564,3678,3743,7421
KOC UNIVERSITESI,2017-2016,VAKIF,ISTANBUL,0,0,0,3114,3314,6428,466,455,921,311,270,581,3891,4039,7930
KOC UNIVERSITESI,2016-2015,VAKIF,ISTANBUL,0,0,0,3357,3691,7048,510,439,949,286,237,523,4153,4367,8520
KOC UNIVERSITESI,2015-2014,VAKIF,ISTANBUL,0,0,0,2090,2352,4442,329,287,616,211,161,372,2630,2800,5430
KOCAELI UNIVERSITESI,2019-2018,DEVLET,KOCAELI,15637,8593,24230,23775,17466,41241,2860,2105,4965,637,450,1087,42909,28614,71523
KOCAELI UNIVERSITESI,2018-2017,DEVLET,KOCAELI,23080,11795,34875,22467,17109,39576,3555,2172,5727,669,447,1116,49771,31523,81294
KOCAELI UNIVERSITESI,2017-2016,DEVLET,KOCAELI,23451,11993,35444,21505,16699,38204,3653,2021,5674,650,372,1022,49259,31085,80344
KOCAELI UNIVERSITESI,2016-2015,DEVLET,KOCAELI,21018,11489,32507,21203,16725,37928,3438,1841,5279,561,332,893,46220,30387,76607
KOCAELI UNIVERSITESI,2015-2014,DEVLET,KOCAELI,20729,11304,32033,20572,16992,37564,2236,1223,3459,399,234,633,43936,29753,73689
KONYA GIDA VE TARIM UNIVERSITESI,2019-2018,VAKIF,KONYA,0,0,0,157,163,320,41,31,72,0,0,0,198,194,392
KONYA GIDA VE TARIM UNIVERSITESI,2018-2017,VAKIF,KONYA,0,0,0,80,76,156,34,19,53,0,0,0,114,95,209
KONYA GIDA VE TARIM UNIVERSITESI,2017-2016,VAKIF,KONYA,0,0,0,32,37,69,23,10,33,0,0,0,55,47,102
KONYA TEKNIK UNIVERSITESI,2019-2018,DEVLET,KONYA,4805,1026,5831,6294,2354,8648,1248,500,1748,304,93,397,12651,3973,16624
KTO KARATAY UNIVERSITESI,2019-2018,VAKIF,KONYA,244,650,894,2955,3639,6594,296,293,589,29,12,41,3524,4594,8118
KTO KARATAY UNIVERSITESI,2018-2017,VAKIF,KONYA,184,487,671,2848,3150,5998,358,233,591,16,9,25,3406,3879,7285
KTO KARATAY UNIVERSITESI,2017-2016,VAKIF,KONYA,104,224,328,2547,2479,5026,418,194,612,6,4,10,3075,2901,5976
KTO KARATAY UNIVERSITESI,2016-2015,VAKIF,KONYA,50,85,135,1859,1487,3346,345,155,500,2,3,5,2256,1730,3986
KTO KARATAY UNIVERSITESI,2015-2014,VAKIF,KONYA,37,73,110,1397,1006,2403,220,88,308,1,2,3,1655,1169,2824
KUTAHYA DUMLUPINAR UNIVERSITESI,2019-2018,DEVLET,KUTAHYA,8652,5075,13727,15195,12669,27864,2466,1558,4024,225,105,330,26538,19407,45945
KUTAHYA SAGLIK BILIMLERI UNIVERSITESI,2019-2018,DEVLET,KUTAHYA,149,367,516,682,1527,2209,7,28,35,6,7,13,844,1929,2773
LOKMAN HEKIM UNIVERSITESI,2019-2018,VAKIF,ANKARA,31,49,80,80,214,294,0,7,7,0,0,0,111,270,381
MALATYA TURGUT OZAL UNIVERSITESI,2019-2018,DEVLET,MALATYA,2292,1348,3640,214,147,361,0,0,0,0,0,0,2506,1495,4001
MALTEPE UNIVERSITESI,2019-2018,VAKIF,ISTANBUL,720,628,1348,4135,4785,8920,696,729,1425,183,149,332,5734,6291,12025
MALTEPE UNIVERSITESI,2018-2017,VAKIF,ISTANBUL,635,557,1192,4086,4863,8949,1005,730,1735,244,176,420,5970,6326,12296
MALTEPE UNIVERSITESI,2017-2016,VAKIF,ISTANBUL,603,532,1135,3723,4546,8269,1239,718,1957,226,163,389,5791,5959,11750
MALTEPE UNIVERSITESI,2016-2015,VAKIF,ISTANBUL,478,442,920,3516,4172,7688,1063,645,1708,209,134,343,5266,5393,10659
MALTEPE UNIVERSITESI,2015-2014,VAKIF,ISTANBUL,351,331,682,3120,3865,6985,706,506,1212,157,123,280,4334,4825,9159
MANISA CEL?L BAYAR UNIVERSITESI,2019-2018,DEVLET,MANISA,9300,6325,15625,15713,13195,28908,1780,1546,3326,263,238,501,27056,21304,48360
MANISA CEL?L BAYAR UNIVERSITESI,2018-2017,DEVLET,MANISA,12609,7839,20448,15191,13005,28196,2436,1757,4193,316,248,564,30552,22849,53401
MANISA CEL?L BAYAR UNIVERSITESI,2017-2016,DEVLET,MANISA,13561,8274,21835,13922,12300,26222,2423,1802,4225,298,241,539,30204,22617,52821
MARDIN ARTUKLU UNIVERSITESI,2019-2018,DEVLET,MARDIN,2768,2054,4822,2277,2586,4863,653,258,911,34,10,44,5732,4908,10640
MARDIN ARTUKLU UNIVERSITESI,2018-2017,DEVLET,MARDIN,2499,1637,4136,1835,2267,4102,637,209,846,33,11,44,5004,4124,9128
MARDIN ARTUKLU UNIVERSITESI,2017-2016,DEVLET,MARDIN,2502,1424,3926,1472,1940,3412,739,262,1001,28,12,40,4741,3638,8379
MARDIN ARTUKLU UNIVERSITESI,2016-2015,DEVLET,MARDIN,2431,1394,3825,1320,1672,2992,608,252,860,23,14,37,4382,3332,7714
MARDIN ARTUKLU UNIVERSITESI,2015-2014,DEVLET,MARDIN,2157,1203,3360,1161,1417,2578,535,194,729,20,10,30,3873,2824,6697
MARMARA UNIVERSITESI,2019-2018,DEVLET,ISTANBUL,4510,3789,8299,23503,24457,47960,8678,8450,17128,2258,1847,4105,38949,38543,77492
MARMARA UNIVERSITESI,2018-2017,DEVLET,ISTANBUL,5758,4822,10580,22847,24369,47216,11396,9630,21026,2506,1812,4318,42507,40633,83140
MARMARA UNIVERSITESI,2017-2016,DEVLET,ISTANBUL,5367,4566,9933,22567,24432,46999,10952,9164,20116,2510,1701,4211,41396,39863,81259
MARMARA UNIVERSITESI,2016-2015,DEVLET,ISTANBUL,4745,4042,8787,22174,24688,46862,9858,8328,18186,2363,1625,3988,39140,38683,77823
MARMARA UNIVERSITESI,2015-2014,DEVLET,ISTANBUL,4129,3624,7753,22072,25183,47255,8749,7408,16157,2186,1513,3699,37136,37728,74864
MEF UNIVERSITESI,2019-2018,VAKIF,ISTANBUL,5,3,8,1324,1719,3043,103,53,156,0,0,0,1432,1775,3207
MEF UNIVERSITESI,2018-2017,VAKIF,ISTANBUL,14,36,50,1126,1423,2549,54,30,84,0,0,0,1194,1489,2683
MEF UNIVERSITESI,2017-2016,VAKIF,ISTANBUL,27,66,93,793,995,1788,28,6,34,0,0,0,848,1067,1915
MEF UNIVERSITESI,2016-2015,VAKIF,ISTANBUL,16,33,49,570,650,1220,1,3,4,0,0,0,587,686,1273
MEF UNIVERSITESI,2015-2014,VAKIF,ISTANBUL,0,0,0,276,332,608,0,0,0,0,0,0,276,332,608
MEHMET AKIF ERSOY UNIVERSITESI,2018-2017,DEVLET,BURDUR,7338,5161,12499,7949,8168,16117,1119,702,1821,108,63,171,16514,14094,30608
MEHMET AKIF ERSOY UNIVERSITESI,2017-2016,DEVLET,BURDUR,7658,5104,12762,6884,7402,14286,972,613,1585,85,41,126,15599,13160,28759
MEHMET AKIF ERSOY UNIVERSITESI,2016-2015,DEVLET,BURDUR,7003,4547,11550,5360,6091,11451,790,494,1284,73,36,109,13226,11168,24394
MEHMET AKIF ERSOY UNIVERSITESI,2015-2014,DEVLET,BURDUR,6410,4273,10683,4530,5495,10025,538,391,929,49,26,75,11527,10185,21712
MELIKSAH UNIVERSITESI,2016-2015,VAKIF,KAYSERI,0,0,0,2047,1939,3986,331,136,467,31,16,47,2409,2091,4500
MELIKSAH UNIVERSITESI,2015-2014,VAKIF,KAYSERI,0,0,0,1813,1702,3515,298,107,405,42,17,59,2153,1826,3979
MERSIN UNIVERSITESI,2019-2018,DEVLET,MERSIN,9053,4921,13974,11320,9885,21205,1640,1566,3206,296,312,608,22309,16684,38993
MERSIN UNIVERSITESI,2018-2017,DEVLET,MERSIN,13997,7550,21547,11345,9701,21046,2299,1797,4096,303,306,609,27944,19354,47298
MERSIN UNIVERSITESI,2017-2016,DEVLET,MERSIN,13649,7263,20912,9983,8959,18942,2663,1812,4475,257,263,520,26552,18297,44849
MERSIN UNIVERSITESI,2016-2015,DEVLET,MERSIN,12500,6572,19072,8985,8371,17356,2231,1665,3896,221,247,468,23937,16855,40792
MERSIN UNIVERSITESI,2015-2014,DEVLET,MERSIN,10814,5856,16670,7900,7815,15715,1653,1430,3083,191,210,401,20558,15311,35869
MEVLANA UNIVERSITESI,2016-2015,VAKIF,KONYA,114,124,238,1508,2146,3654,609,174,783,26,13,39,2257,2457,4714
MEVLANA UNIVERSITESI,2015-2014,VAKIF,KONYA,124,113,237,1301,1989,3290,236,113,349,18,12,30,1679,2227,3906
MIMAR SINAN GUZEL SANATLAR UNIVERSITESI,2019-2018,DEVLET,ISTANBUL,61,175,236,3295,4437,7732,893,1284,2177,280,461,741,4529,6357,10886
MIMAR SINAN GUZEL SANATLAR UNIVERSITESI,2018-2017,DEVLET,ISTANBUL,54,173,227,3077,4220,7297,1125,1415,2540,301,453,754,4557,6261,10818
MIMAR SINAN GUZEL SANATLAR UNIVERSITESI,2017-2016,DEVLET,ISTANBUL,46,142,188,2871,4042,6913,1163,1485,2648,216,294,510,4296,5963,10259
MIMAR SINAN GUZEL SANATLAR UNIVERSITESI,2016-2015,DEVLET,ISTANBUL,50,124,174,2652,3866,6518,1353,1655,3008,199,270,469,4254,5915,10169
MIMAR SINAN GUZEL SANATLAR UNIVERSITESI,2015-2014,DEVLET,ISTANBUL,41,125,166,2475,3879,6354,724,909,1633,157,230,387,3397,5143,8540
MUGLA SITKI KOCMAN UNIVERSITESI,2019-2018,DEVLET,MUGLA,8851,5311,14162,12918,11105,24023,1150,1209,2359,290,224,514,23209,17849,41058
MUGLA SITKI KOCMAN UNIVERSITESI,2018-2017,DEVLET,MUGLA,11523,6079,17602,12537,10877,23414,1935,1408,3343,283,203,486,26278,18567,44845
MUGLA SITKI KOCMAN UNIVERSITESI,2017-2016,DEVLET,MUGLA,11095,5718,16813,11671,10694,22365,2046,1340,3386,248,175,423,25060,17927,42987
MUGLA SITKI KOCMAN UNIVERSITESI,2016-2015,DEVLET,MUGLA,10170,4967,15137,10721,9781,20502,1690,1160,2850,228,162,390,22809,16070,38879
MUGLA SITKI KOCMAN UNIVERSITESI,2015-2014,DEVLET,MUGLA,9256,4524,13780,10176,9228,19404,1186,891,2077,201,145,346,20819,14788,35607
MUNZUR UNIVERSITESI,2019-2018,DEVLET,TUNCELI,1184,1034,2218,1546,1065,2611,283,108,391,6,6,12,3019,2213,5232
MUNZUR UNIVERSITESI,2018-2017,DEVLET,TUNCELI,1433,1127,2560,1885,1198,3083,275,85,360,4,3,7,3597,2413,6010
MUNZUR UNIVERSITESI,2017-2016,DEVLET,TUNCELI,1554,1234,2788,2254,1360,3614,233,88,321,6,4,10,4047,2686,6733
MURAT HUDAVENDIGAR UNIVERSITESI,2016-2015,VAKIF,ISTANBUL,0,0,0,77,114,191,10,12,22,0,0,0,87,126,213
MURAT HUDAVENDIGAR UNIVERSITESI,2015-2014,VAKIF,ISTANBUL,0,0,0,25,25,50,0,0,0,0,0,0,25,25,50
MUS ALPARSLAN UNIVERSITESI,2019-2018,DEVLET,MUS,1665,984,2649,2338,2682,5020,299,93,392,2,0,2,4304,3759,8063
MUS ALPARSLAN UNIVERSITESI,2018-2017,DEVLET,MUS,1948,1021,2969,2403,2765,5168,191,55,246,0,0,0,4542,3841,8383
MUS ALPARSLAN UNIVERSITESI,2017-2016,DEVLET,MUS,2061,1017,3078,2615,2781,5396,201,37,238,0,0,0,4877,3835,8712
MUS ALPARSLAN UNIVERSITESI,2016-2015,DEVLET,MUS,2139,1061,3200,2769,2778,5547,196,50,246,0,0,0,5104,3889,8993
MUS ALPARSLAN UNIVERSITESI,2015-2014,DEVLET,MUS,2142,1099,3241,2918,2726,5644,167,34,201,0,0,0,5227,3859,9086
MUSTAFA KEMAL UNIVERSITESI,2018-2017,DEVLET,HATAY,5722,3970,9692,6331,6424,12755,1356,716,2072,160,90,250,13569,11200,24769
MUSTAFA KEMAL UNIVERSITESI,2017-2016,DEVLET,HATAY,5685,3964,9649,6150,6173,12323,1095,678,1773,139,77,216,13069,10892,23961
MUSTAFA KEMAL UNIVERSITESI,2016-2015,DEVLET,HATAY,5285,3902,9187,6068,5989,12057,851,602,1453,135,74,209,12339,10567,22906
MUSTAFA KEMAL UNIVERSITESI,2015-2014,DEVLET,HATAY,10735,4965,15700,9958,7145,17103,988,612,1600,142,62,204,21823,12784,34607
NAMIK KEMAL UNIVERSITESI,2018-2017,DEVLET,TEKIRDAG,12519,6251,18770,6438,5341,11779,1226,982,2208,142,125,267,20325,12699,33024
NAMIK KEMAL UNIVERSITESI,2017-2016,DEVLET,TEKIRDAG,13080,6664,19744,5891,4844,10735,1473,1066,2539,137,117,254,20581,12691,33272
NAMIK KEMAL UNIVERSITESI,2016-2015,DEVLET,TEKIRDAG,12316,6282,18598,5295,4423,9718,1310,980,2290,134,117,251,19055,11802,30857
NAMIK KEMAL UNIVERSITESI,2015-2014,DEVLET,TEKIRDAG,11358,6021,17379,4650,3882,8532,1091,817,1908,126,105,231,17225,10825,28050
NECMETTIN ERBAKAN UNIVERSITESI,2019-2018,DEVLET,KONYA,2330,852,3182,11224,14340,25564,2967,2394,5361,519,287,806,17040,17873,34913
NECMETTIN ERBAKAN UNIVERSITESI,2018-2017,DEVLET,KONYA,2855,888,3743,10430,13677,24107,4364,2934,7298,590,267,857,18239,17766,36005
NECMETTIN ERBAKAN UNIVERSITESI,2017-2016,DEVLET,KONYA,3324,973,4297,9060,12797,21857,4058,2826,6884,532,206,738,16974,16802,33776
NECMETTIN ERBAKAN UNIVERSITESI,2016-2015,DEVLET,KONYA,3105,884,3989,7872,11622,19494,3252,2499,5751,472,187,659,14701,15192,29893
NECMETTIN ERBAKAN UNIVERSITESI,2015-2014,DEVLET,KONYA,2910,819,3729,6880,10715,17595,2136,1850,3986,362,171,533,12288,13555,25843
NEVSEHIR HACI BEKTAS VELI UNIVERSITESI,2019-2018,DEVLET,NEVSEHIR,3282,3191,6473,4434,6443,10877,1034,801,1835,131,93,224,8881,10528,19409
NEVSEHIR HACI BEKTAS VELI UNIVERSITESI,2018-2017,DEVLET,NEVSEHIR,4225,3363,7588,4028,5927,9955,1326,743,2069,111,81,192,9690,10114,19804
NEVSEHIR HACI BEKTAS VELI UNIVERSITESI,2017-2016,DEVLET,NEVSEHIR,4231,3083,7314,3571,4981,8552,1150,669,1819,93,47,140,9045,8780,17825
NEVSEHIR HACI BEKTAS VELI UNIVERSITESI,2016-2015,DEVLET,NEVSEHIR,3828,2703,6531,2930,4220,7150,985,617,1602,81,45,126,7824,7585,15409
NEVSEHIR HACI BEKTAS VELI UNIVERSITESI,2015-2014,DEVLET,NEVSEHIR,3390,2369,5759,2510,3624,6134,683,517,1200,77,37,114,6660,6547,13207
NIGDE OMER HALISDEMIR UNIVERSITESI,2019-2018,DEVLET,NIGDE,4721,2834,7555,8135,7680,15815,1218,907,2125,188,110,298,14262,11531,25793
NIGDE OMER HALISDEMIR UNIVERSITESI,2018-2017,DEVLET,NIGDE,6058,3339,9397,7919,7598,15517,1435,884,2319,165,92,257,15577,11913,27490
NIGDE UNIVERSITESI,2016-2015,DEVLET,NIGDE,5582,3039,8621,6840,6443,13283,1250,688,1938,135,73,208,13807,10243,24050
NIGDE UNIVERSITESI,2015-2014,DEVLET,NIGDE,4906,2770,7676,6427,6057,12484,1054,624,1678,115,61,176,12502,9512,22014
NISANTASI UNIVERSITESI,2019-2018,VAKIF,ISTANBUL,5894,4474,10368,5714,3203,8917,573,160,733,10,2,12,12191,7839,20030
NISANTASI UNIVERSITESI,2018-2017,VAKIF,ISTANBUL,5811,4498,10309,4603,2875,7478,2704,212,2916,9,2,11,13127,7587,20714
NISANTASI UNIVERSITESI,2017-2016,VAKIF,ISTANBUL,6498,5355,11853,3668,2402,6070,3671,437,4108,9,2,11,13846,8196,22042
NISANTASI UNIVERSITESI,2016-2015,VAKIF,ISTANBUL,5288,4647,9935,1957,1461,3418,1733,531,2264,3,0,3,8981,6639,15620
NISANTASI UNIVERSITESI,2015-2014,VAKIF,ISTANBUL,3730,3758,7488,921,767,1688,1384,545,1929,0,0,0,6035,5070,11105
NUH NACI YAZGAN UNIVERSITESI,2019-2018,VAKIF,KAYSERI,0,0,0,1407,1715,3122,61,30,91,0,0,0,1468,1745,3213
NUH NACI YAZGAN UNIVERSITESI,2018-2017,VAKIF,KAYSERI,0,0,0,1479,1766,3245,81,28,109,0,0,0,1560,1794,3354
NUH NACI YAZGAN UNIVERSITESI,2017-2016,VAKIF,KAYSERI,0,0,0,1399,1626,3025,132,40,172,0,0,0,1531,1666,3197
NUH NACI YAZGAN UNIVERSITESI,2016-2015,VAKIF,KAYSERI,0,0,0,908,912,1820,102,42,144,0,0,0,1010,954,1964
NUH NACI YAZGAN UNIVERSITESI,2015-2014,VAKIF,KAYSERI,0,0,0,656,579,1235,88,39,127,0,0,0,744,618,1362
OKAN UNIVERSITESI,2018-2017,VAKIF,ISTANBUL,2096,2100,4196,5359,4915,10274,6165,1727,7892,216,132,348,13836,8874,22710
OKAN UNIVERSITESI,2017-2016,VAKIF,ISTANBUL,2347,2339,4686,4975,4458,9433,6747,2545,9292,176,83,259,14245,9425,23670
OKAN UNIVERSITESI,2016-2015,VAKIF,ISTANBUL,2211,2223,4434,4584,4015,8599,4692,2530,7222,174,77,251,11661,8845,20506
OKAN UNIVERSITESI,2015-2014,VAKIF,ISTANBUL,1746,1858,3604,4118,3338,7456,3278,2390,5668,138,64,202,9280,7650,16930
OMER HALISDEMIR UNIVERSITESI,2017-2016,DEVLET,NIGDE,6107,3309,9416,7476,7152,14628,1393,779,2172,135,76,211,15111,11316,26427
ONDOKUZ MAYIS UNIVERSITESI,2019-2018,DEVLET,SAMSUN,7325,6377,13702,15472,16185,31657,2834,2518,5352,794,549,1343,26425,25629,52054
ONDOKUZ MAYIS UNIVERSITESI,2018-2017,DEVLET,SAMSUN,9124,7144,16268,14564,15601,30165,3746,3017,6763,764,511,1275,28198,26273,54471
ONDOKUZ MAYIS UNIVERSITESI,2017-2016,DEVLET,SAMSUN,8996,6954,15950,14041,15937,29978,4149,3037,7186,757,479,1236,27943,26407,54350
ONDOKUZ MAYIS UNIVERSITESI,2016-2015,DEVLET,SAMSUN,7887,6089,13976,14035,15848,29883,3577,2707,6284,679,463,1142,26178,25107,51285
ONDOKUZ MAYIS UNIVERSITESI,2015-2014,DEVLET,SAMSUN,6798,5232,12030,13960,16170,30130,2838,2271,5109,637,454,1091,24233,24127,48360
ORDU UNIVERSITESI,2019-2018,DEVLET,ORDU,4552,2593,7145,4255,5087,9342,543,557,1100,68,64,132,9418,8301,17719
ORDU UNIVERSITESI,2018-2017,DEVLET,ORDU,6809,3067,9876,4006,4976,8982,744,644,1388,61,48,109,11620,8735,20355
ORDU UNIVERSITESI,2017-2016,DEVLET,ORDU,7226,3148,10374,3650,4681,8331,690,585,1275,46,33,79,11612,8447,20059
ORDU UNIVERSITESI,2016-2015,DEVLET,ORDU,6465,2782,9247,3207,3986,7193,593,505,1098,37,27,64,10302,7300,17602
ORDU UNIVERSITESI,2015-2014,DEVLET,ORDU,5652,2332,7984,2808,3389,6197,515,438,953,33,19,52,9008,6178,15186
ORTA DOGU TEKNIK UNIVERSITESI,2019-2018,DEVLET,ANKARA,28,3,31,12700,8627,21327,2577,2336,4913,1674,1457,3131,16979,12423,29402
ORTA DOGU TEKNIK UNIVERSITESI,2018-2017,DEVLET,ANKARA,73,5,78,12732,8741,21473,2710,2343,5053,1750,1448,3198,17265,12537,29802
ORTA DOGU TEKNIK UNIVERSITESI,2017-2016,DEVLET,ANKARA,92,7,99,11798,8571,20369,2794,2211,5005,1832,1474,3306,16516,12263,28779
ORTA DOGU TEKNIK UNIVERSITESI,2016-2015,DEVLET,ANKARA,120,3,123,11602,8638,20240,2692,2248,4940,1786,1431,3217,16200,12320,28520
ORTA DOGU TEKNIK UNIVERSITESI,2015-2014,DEVLET,ANKARA,97,2,99,10900,8368,19268,2607,2109,4716,1711,1428,3139,15315,11907,27222
OSMANIYE KORKUT ATA UNIVERSITESI,2019-2018,DEVLET,OSMANIYE,2683,1348,4031,4534,3031,7565,348,220,568,52,25,77,7617,4624,12241
OSMANIYE KORKUT ATA UNIVERSITESI,2018-2017,DEVLET,OSMANIYE,4176,1747,5923,4535,2804,7339,357,206,563,47,15,62,9115,4772,13887
OSMANIYE KORKUT ATA UNIVERSITESI,2017-2016,DEVLET,OSMANIYE,4412,1839,6251,3842,2338,6180,383,193,576,44,15,59,8681,4385,13066
OSMANIYE KORKUT ATA UNIVERSITESI,2016-2015,DEVLET,OSMANIYE,3948,1643,5591,3138,1857,4995,330,172,502,35,15,50,7451,3687,11138
OSMANIYE KORKUT ATA UNIVERSITESI,2015-2014,DEVLET,OSMANIYE,3344,1381,4725,2378,1409,3787,280,142,422,21,12,33,6023,2944,8967
OZYEGIN UNIVERSITESI,2019-2018,VAKIF,ISTANBUL,0,0,0,4093,3174,7267,409,176,585,136,52,188,4638,3402,8040
OZYEGIN UNIVERSITESI,2018-2017,VAKIF,ISTANBUL,0,0,0,3998,3183,7181,504,166,670,144,41,185,4646,3390,8036
OZYEGIN UNIVERSITESI,2017-2016,VAKIF,ISTANBUL,0,0,0,3833,2916,6749,513,172,685,125,33,158,4471,3121,7592
OZYEGIN UNIVERSITESI,2016-2015,VAKIF,ISTANBUL,0,0,0,3287,2476,5763,482,148,630,115,25,140,3884,2649,6533
OZYEGIN UNIVERSITESI,2015-2014,VAKIF,ISTANBUL,0,0,0,2671,2053,4724,413,129,542,100,29,129,3184,2211,5395
PAMUKKALE UNIVERSITESI,2019-2018,DEVLET,DENIZLI,8014,7172,15186,18936,16953,35889,1368,1453,2821,329,331,660,28647,25909,54556
PAMUKKALE UNIVERSITESI,2018-2017,DEVLET,DENIZLI,10681,8524,19205,18393,16830,35223,1949,1701,3650,357,330,687,31380,27385,58765
PAMUKKALE UNIVERSITESI,2017-2016,DEVLET,DENIZLI,10682,8569,19251,17322,16119,33441,2175,1652,3827,330,320,650,30509,26660,57169
PAMUKKALE UNIVERSITESI,2016-2015,DEVLET,DENIZLI,9429,7592,17021,16016,15130,31146,2061,1514,3575,320,288,608,27826,24524,52350
PAMUKKALE UNIVERSITESI,2015-2014,DEVLET,DENIZLI,7998,6591,14589,14590,14569,29159,1903,1361,3264,279,267,546,24770,22788,47558
PIRI REIS UNIVERSITESI,2019-2018,VAKIF,ISTANBUL,1000,228,1228,1981,526,2507,45,20,65,34,2,36,3060,776,3836
PIRI REIS UNIVERSITESI,2018-2017,VAKIF,ISTANBUL,829,190,1019,1957,473,2430,53,22,75,38,4,42,2877,689,3566
PIRI REIS UNIVERSITESI,2017-2016,VAKIF,ISTANBUL,762,159,921,1772,326,2098,44,16,60,32,2,34,2610,503,3113
PIRI REIS UNIVERSITESI,2016-2015,VAKIF,ISTANBUL,592,84,676,1348,196,1544,23,3,26,25,2,27,1988,285,2273
PIRI REIS UNIVERSITESI,2015-2014,VAKIF,ISTANBUL,358,49,407,1054,109,1163,14,2,16,19,0,19,1445,160,1605
PLATO MESLEK YUKSEKOKULU,2016-2015,VAKIF MYO,ISTANBUL,1693,2814,4507,0,0,0,0,0,0,0,0,0,1693,2814,4507
PLATO MESLEK YUKSEKOKULU,2015-2014,VAKIF MYO,ISTANBUL,1177,2462,3639,0,0,0,0,0,0,0,0,0,1177,2462,3639
RECEP TAYYIP ERDOGAN UNIVERSITESI,2019-2018,DEVLET,RIZE,3170,2305,5475,5090,5866,10956,864,671,1535,104,63,167,9228,8905,18133
RECEP TAYYIP ERDOGAN UNIVERSITESI,2018-2017,DEVLET,RIZE,4968,2684,7652,4799,5480,10279,1095,758,1853,97,67,164,10959,8989,19948
RECEP TAYYIP ERDOGAN UNIVERSITESI,2017-2016,DEVLET,RIZE,5104,2556,7660,4464,5140,9604,1036,702,1738,91,62,153,10695,8460,19155
RECEP TAYYIP ERDOGAN UNIVERSITESI,2016-2015,DEVLET,RIZE,4724,2298,7022,3926,4684,8610,865,583,1448,86,53,139,9601,7618,17219
RECEP TAYYIP ERDOGAN UNIVERSITESI,2015-2014,DEVLET,RIZE,4362,2227,6589,3496,4429,7925,709,499,1208,76,42,118,8643,7197,15840
SABANCI UNIVERSITESI,2019-2018,VAKIF,ISTANBUL,0,0,0,2674,1601,4275,365,254,619,157,121,278,3196,1976,5172
SABANCI UNIVERSITESI,2018-2017,VAKIF,ISTANBUL,0,0,0,2526,1546,4072,381,296,677,151,108,259,3058,1950,5008
SABANCI UNIVERSITESI,2017-2016,VAKIF,ISTANBUL,0,0,0,2354,1365,3719,390,311,701,169,115,284,2913,1791,4704
SABANCI UNIVERSITESI,2016-2015,VAKIF,ISTANBUL,0,0,0,2132,1267,3399,317,243,560,153,115,268,2602,1625,4227
SABANCI UNIVERSITESI,2015-2014,VAKIF,ISTANBUL,0,0,0,2256,1446,3702,299,200,499,140,118,258,2695,1764,4459
SAGLIK BILIMLERI UNIVERSITESI,2019-2018,DEVLET,ISTANBUL,1227,2563,3790,1971,3743,5714,66,314,380,124,258,382,3388,6878,10266
SAGLIK BILIMLERI UNIVERSITESI,2018-2017,DEVLET,ISTANBUL,663,1380,2043,1225,1843,3068,43,152,195,58,139,197,1989,3514,5503
SAGLIK BILIMLERI UNIVERSITESI,2017-2016,DEVLET,ISTANBUL,258,279,537,825,830,1655,7,26,33,25,40,65,1115,1175,2290
SAKARYA UNIVERSITESI,2019-2018,DEVLET,SAKARYA,3021,2071,5092,20310,20135,40445,4220,3165,7385,1028,567,1595,28579,25938,54517
SAKARYA UNIVERSITESI,2018-2017,DEVLET,SAKARYA,19360,9995,29355,24711,21427,46138,5680,3308,8988,1231,592,1823,50982,35322,86304
SAKARYA UNIVERSITESI,2017-2016,DEVLET,SAKARYA,19796,10116,29912,23763,21281,45044,8777,3960,12737,1300,587,1887,53636,35944,89580
SAKARYA UNIVERSITESI,2016-2015,DEVLET,SAKARYA,18260,9535,27795,22701,20828,43529,7620,3539,11159,1274,556,1830,49855,34458,84313
SAKARYA UNIVERSITESI,2015-2014,DEVLET,SAKARYA,16587,9064,25651,20769,20329,41098,6163,2942,9105,1202,484,1686,44721,32819,77540
SAKARYA UYGULAMALI BILIMLER UNIVERSITESI,2019-2018,DEVLET,SAKARYA,9627,5844,15471,5349,1287,6636,858,259,1117,158,42,200,15992,7432,23424
SAMSUN UNIVERSITESI,2019-2018,DEVLET,SAMSUN,845,261,1106,478,236,714,0,0,0,0,0,0,1323,497,1820
SANKO UNIVERSITESI,2019-2018,VAKIF,GAZIANTEP,0,0,0,338,726,1064,20,30,50,0,1,1,358,757,1115
SANKO UNIVERSITESI,2018-2017,VAKIF,GAZIANTEP,0,0,0,326,777,1103,17,21,38,0,0,0,343,798,1141
SANKO UNIVERSITESI,2017-2016,VAKIF,GAZIANTEP,0,0,0,271,612,883,17,23,40,0,0,0,288,635,923
SANKO UNIVERSITESI,2016-2015,VAKIF,GAZIANTEP,0,0,0,135,344,479,4,6,10,0,0,0,139,350,489
SANKO UNIVERSITESI,2015-2014,VAKIF,GAZIANTEP,0,0,0,63,168,231,0,0,0,0,0,0,63,168,231
SELAHADDIN EYYUBI UNIVERSITESI,2016-2015,VAKIF,DIYARBAKIR,295,333,628,87,96,183,424,48,472,0,0,0,806,477,1283
SELAHADDIN EYYUBI UNIVERSITESI,2015-2014,VAKIF,DIYARBAKIR,47,31,78,24,30,54,156,24,180,0,0,0,227,85,312
SELCUK UNIVERSITESI,2019-2018,DEVLET,KONYA,12146,8652,20798,18923,19782,38705,3645,2372,6017,1059,646,1705,35773,31452,67225
SELCUK UNIVERSITESI,2018-2017,DEVLET,KONYA,19414,10794,30208,24423,21863,46286,7251,3410,10661,1403,745,2148,52491,36812,89303
SELCUK UNIVERSITESI,2017-2016,DEVLET,KONYA,21302,11729,33031,23948,21252,45200,10346,4572,14918,1521,786,2307,57117,38339,95456
SELCUK UNIVERSITESI,2016-2015,DEVLET,KONYA,19869,11071,30940,22253,20057,42310,7785,3953,11738,1327,703,2030,51234,35784,87018
SELCUK UNIVERSITESI,2015-2014,DEVLET,KONYA,17436,9720,27156,21214,18929,40143,6332,3635,9967,1254,707,1961,46236,32991,79227
SIFA UNIVERSITESI,2016-2015,VAKIF,IZMIR,286,680,966,372,1160,1532,17,97,114,8,5,13,683,1942,2625
SIFA UNIVERSITESI,2015-2014,VAKIF,IZMIR,204,489,693,286,972,1258,14,32,46,6,5,11,510,1498,2008
SIIRT UNIVERSITESI,2019-2018,DEVLET,SIIRT,3064,2078,5142,4553,3864,8417,564,236,800,8,5,13,8189,6183,14372
SIIRT UNIVERSITESI,2018-2017,DEVLET,SIIRT,2571,1677,4248,4034,3423,7457,541,163,704,9,5,14,7155,5268,12423
SIIRT UNIVERSITESI,2017-2016,DEVLET,SIIRT,2547,1661,4208,3323,2941,6264,448,127,575,7,4,11,6325,4733,11058
SIIRT UNIVERSITESI,2016-2015,DEVLET,SIIRT,2288,1610,3898,2643,2296,4939,282,88,370,6,4,10,5219,3998,9217
SIIRT UNIVERSITESI,2015-2014,DEVLET,SIIRT,2989,2019,5008,2110,1874,3984,98,35,133,3,2,5,5200,3930,9130
SINOP UNIVERSITESI,2019-2018,DEVLET,SINOP,2255,1455,3710,2816,3403,6219,334,154,488,12,8,20,5417,5020,10437
SINOP UNIVERSITESI,2018-2017,DEVLET,SINOP,2714,1502,4216,2450,3032,5482,305,127,432,14,10,24,5483,4671,10154
SINOP UNIVERSITESI,2017-2016,DEVLET,SINOP,2892,1592,4484,1933,2461,4394,222,139,361,14,14,28,5061,4206,9267
SINOP UNIVERSITESI,2016-2015,DEVLET,SINOP,2533,1344,3877,1260,1869,3129,187,126,313,13,14,27,3993,3353,7346
SINOP UNIVERSITESI,2015-2014,DEVLET,SINOP,1901,913,2814,992,1640,2632,119,91,210,13,16,29,3025,2660,5685
SIRNAK UNIVERSITESI,2019-2018,DEVLET,SIRNAK,604,422,1026,838,383,1221,205,68,273,6,0,6,1653,873,2526
SIRNAK UNIVERSITESI,2018-2017,DEVLET,SIRNAK,819,426,1245,819,326,1145,126,32,158,0,0,0,1764,784,2548
SIRNAK UNIVERSITESI,2017-2016,DEVLET,SIRNAK,912,479,1391,931,371,1302,76,18,94,0,0,0,1919,868,2787
SIRNAK UNIVERSITESI,2016-2015,DEVLET,SIRNAK,1015,568,1583,1179,487,1666,79,19,98,0,0,0,2273,1074,3347
SIRNAK UNIVERSITESI,2015-2014,DEVLET,SIRNAK,965,644,1609,1276,563,1839,65,9,74,0,0,0,2306,1216,3522
SIVAS CUMHURIYET UNIVERSITESI,2019-2018,DEVLET,SIVAS,7975,6368,14343,16029,16966,32995,2393,1594,3987,257,169,426,26654,25097,51751
SULEYMAN DEMIREL UNIVERSITESI,2019-2018,DEVLET,ISPARTA,1259,2860,4119,16813,16198,33011,3940,2155,6095,741,503,1244,22753,21716,44469
SULEYMAN DEMIREL UNIVERSITESI,2018-2017,DEVLET,ISPARTA,19414,13466,32880,20910,17936,38846,6488,3016,9504,924,557,1481,47736,34975,82711
SULEYMAN DEMIREL UNIVERSITESI,2017-2016,DEVLET,ISPARTA,20145,13723,33868,19964,17369,37333,7900,3217,11117,878,486,1364,48887,34795,83682
SULEYMAN DEMIREL UNIVERSITESI,2016-2015,DEVLET,ISPARTA,18064,12075,30139,18903,16556,35459,3665,1985,5650,841,481,1322,41473,31097,72570
SULEYMAN DEMIREL UNIVERSITESI,2015-2014,DEVLET,ISPARTA,15841,10511,26352,17314,15288,32602,3178,1998,5176,682,408,1090,37015,28205,65220
SULEYMAN SAH UNIVERSITESI,2016-2015,VAKIF,ISTANBUL,0,0,0,724,880,1604,410,54,464,0,0,0,1134,934,2068
SULEYMAN SAH UNIVERSITESI,2015-2014,VAKIF,ISTANBUL,0,0,0,629,746,1375,227,33,260,0,0,0,856,779,1635
TARSUS UNIVERSITESI,2019-2018,DEVLET,MERSIN,694,666,1360,630,166,796,188,92,280,12,10,22,1524,934,2458
TED UNIVERSITESI,2019-2018,VAKIF,ANKARA,0,0,0,1174,1899,3073,38,68,106,0,0,0,1212,1967,3179
TED UNIVERSITESI,2018-2017,VAKIF,ANKARA,0,0,0,972,1554,2526,29,38,67,0,0,0,1001,1592,2593
TED UNIVERSITESI,2017-2016,VAKIF,ANKARA,0,0,0,759,1201,1960,33,31,64,0,0,0,792,1232,2024
TED UNIVERSITESI,2016-2015,VAKIF,ANKARA,0,0,0,556,866,1422,24,22,46,0,0,0,580,888,1468
TED UNIVERSITESI,2015-2014,VAKIF,ANKARA,0,0,0,359,605,964,19,19,38,0,0,0,378,624,1002
TEKIRDAG NAMIK KEMAL UNIVERSITESI,2019-2018,DEVLET,TEKIRDAG,7574,4328,11902,7243,5919,13162,869,825,1694,115,120,235,15801,11192,26993
TOBB EKONOMI VE TEKNOLOJI UNIVERSITESI,2019-2018,VAKIF,ANKARA,0,0,0,2702,2543,5245,380,233,613,152,42,194,3234,2818,6052
TOBB EKONOMI VE TEKNOLOJI UNIVERSITESI,2018-2017,VAKIF,ANKARA,0,0,0,2769,2686,5455,391,251,642,172,48,220,3332,2985,6317
TOBB EKONOMI VE TEKNOLOJI UNIVERSITESI,2017-2016,VAKIF,ANKARA,0,0,0,2755,2549,5304,414,211,625,155,45,200,3324,2805,6129
TOBB EKONOMI VE TEKNOLOJI UNIVERSITESI,2016-2015,VAKIF,ANKARA,0,0,0,2612,2393,5005,370,174,544,141,44,185,3123,2611,5734
TOBB EKONOMI VE TEKNOLOJI UNIVERSITESI,2015-2014,VAKIF,ANKARA,0,0,0,2514,2183,4697,300,137,437,113,31,144,2927,2351,5278
TOKAT GAZIOSMANPASA UNIVERSITESI,2019-2018,DEVLET,TOKAT,5559,4221,9780,8561,9212,17773,1276,1023,2299,236,120,356,15632,14576,30208
TOROS UNIVERSITESI,2019-2018,VAKIF,MERSIN,448,605,1053,936,874,1810,218,109,327,2,3,5,1604,1591,3195
TOROS UNIVERSITESI,2018-2017,VAKIF,MERSIN,449,614,1063,992,910,1902,357,163,520,1,2,3,1799,1689,3488
TOROS UNIVERSITESI,2017-2016,VAKIF,MERSIN,494,685,1179,931,861,1792,511,236,747,0,1,1,1936,1783,3719
TOROS UNIVERSITESI,2016-2015,VAKIF,MERSIN,474,646,1120,885,755,1640,502,296,798,0,1,1,1861,1698,3559
TOROS UNIVERSITESI,2015-2014,VAKIF,MERSIN,302,367,669,691,586,1277,334,235,569,0,0,0,1327,1188,2515
TRABZON UNIVERSITESI,2019-2018,DEVLET,TRABZON,1722,1649,3371,3335,5297,8632,448,557,1005,125,122,247,5630,7625,13255
TRAKYA UNIVERSITESI,2019-2018,DEVLET,EDIRNE,8872,5102,13974,13366,13082,26448,1733,1557,3290,306,279,585,24277,20020,44297
TRAKYA UNIVERSITESI,2018-2017,DEVLET,EDIRNE,10092,5920,16012,12774,12953,25727,2422,1853,4275,351,278,629,25639,21004,46643
TRAKYA UNIVERSITESI,2017-2016,DEVLET,EDIRNE,10436,6112,16548,11865,12299,24164,2663,1843,4506,311,236,547,25275,20490,45765
TRAKYA UNIVERSITESI,2016-2015,DEVLET,EDIRNE,9550,5548,15098,11115,11839,22954,2215,1540,3755,287,220,507,23167,19147,42314
TRAKYA UNIVERSITESI,2015-2014,DEVLET,EDIRNE,8676,5108,13784,10518,11452,21970,1658,1284,2942,257,201,458,21109,18045,39154
TUNCELI UNIVERSITESI,2016-2015,DEVLET,TUNCELI,1927,1598,3525,2664,1591,4255,252,100,352,6,3,9,4849,3292,8141
TUNCELI UNIVERSITESI,2015-2014,DEVLET,TUNCELI,1390,1338,2728,2580,1511,4091,172,63,235,5,4,9,4147,2916,7063
TURGUT OZAL UNIVERSITESI,2016-2015,VAKIF,ANKARA,784,1287,2071,1925,2509,4434,629,358,987,163,83,246,3501,4237,7738
TURGUT OZAL UNIVERSITESI,2015-2014,VAKIF,ANKARA,688,1081,1769,1757,2100,3857,354,166,520,177,79,256,2976,3426,6402
TURK HAVA KURUMU UNIVERSITESI,2019-2018,VAKIF,ANKARA,339,193,532,1768,712,2480,102,31,133,76,13,89,2285,949,3234
TURK HAVA KURUMU UNIVERSITESI,2018-2017,VAKIF,ANKARA,231,116,347,1824,738,2562,636,142,778,127,15,142,2818,1011,3829
TURK HAVA KURUMU UNIVERSITESI,2017-2016,VAKIF,ANKARA,301,149,450,1955,761,2716,2013,1089,3102,138,19,157,4407,2018,6425
TURK HAVA KURUMU UNIVERSITESI,2016-2015,VAKIF,ANKARA,531,259,790,2208,855,3063,1431,321,1752,144,21,165,4314,1456,5770
TURK HAVA KURUMU UNIVERSITESI,2015-2014,VAKIF,ANKARA,505,227,732,1643,603,2246,2240,674,2914,143,24,167,4531,1528,6059
TURK-ALMAN UNIVERSITESI,2019-2018,DEVLET,ISTANBUL,0,0,0,940,797,1737,88,85,173,7,6,13,1035,888,1923
TURK-ALMAN UNIVERSITESI,2018-2017,DEVLET,ISTANBUL,0,0,0,666,563,1229,80,71,151,3,3,6,749,637,1386
TURK-ALMAN UNIVERSITESI,2017-2016,DEVLET,ISTANBUL,0,0,0,411,371,782,52,47,99,1,1,2,464,419,883
TURK-ALMAN UNIVERSITESI,2016-2015,DEVLET,ISTANBUL,0,0,0,223,220,443,35,32,67,0,0,0,258,252,510
TURK-ALMAN UNIVERSITESI,2015-2014,DEVLET,ISTANBUL,0,0,0,146,123,269,20,22,42,0,0,0,166,145,311
UFUK UNIVERSITESI,2019-2018,VAKIF,ANKARA,564,734,1298,1170,1824,2994,532,337,869,5,3,8,2271,2898,5169
UFUK UNIVERSITESI,2018-2017,VAKIF,ANKARA,546,773,1319,1151,1838,2989,735,307,1042,7,4,11,2439,2922,5361
UFUK UNIVERSITESI,2017-2016,VAKIF,ANKARA,645,851,1496,1071,1683,2754,580,294,874,7,4,11,2303,2832,5135
UFUK UNIVERSITESI,2016-2015,VAKIF,ANKARA,508,633,1141,809,1398,2207,402,267,669,2,4,6,1721,2302,4023
UFUK UNIVERSITESI,2015-2014,VAKIF,ANKARA,331,478,809,667,1205,1872,334,262,596,1,2,3,1333,1947,3280
ULUDAG UNIVERSITESI,2018-2017,DEVLET,BURSA,13115,8607,21722,20804,21348,42152,3576,3429,7005,1185,780,1965,38680,34164,72844
ULUDAG UNIVERSITESI,2017-2016,DEVLET,BURSA,12639,8417,21056,19478,20586,40064,3229,2984,6213,982,660,1642,36328,32647,68975
ULUDAG UNIVERSITESI,2016-2015,DEVLET,BURSA,10598,7186,17784,18572,20104,38676,2479,2285,4764,852,589,1441,32501,30164,62665
ULUDAG UNIVERSITESI,2015-2014,DEVLET,BURSA,10591,7269,17860,17273,19951,37224,1954,1734,3688,775,509,1284,30593,29463,60056
ULUSLARARASI ANTALYA UNIVERSITESI,2017-2016,VAKIF,ANTALYA,0,0,0,1237,1039,2276,104,20,124,0,0,0,1341,1059,2400
ULUSLARARASI ANTALYA UNIVERSITESI,2016-2015,VAKIF,ANTALYA,0,0,0,1102,870,1972,128,30,158,0,0,0,1230,900,2130
ULUSLARARASI ANTALYA UNIVERSITESI,2015-2014,VAKIF,ANTALYA,0,0,0,863,587,1450,148,49,197,0,0,0,1011,636,1647
USAK UNIVERSITESI,2019-2018,DEVLET,USAK,3633,3017,6650,11162,10044,21206,841,645,1486,111,64,175,15747,13770,29517
USAK UNIVERSITESI,2018-2017,DEVLET,USAK,4433,3332,7765,10831,10010,20841,1847,1086,2933,132,60,192,17243,14488,31731
USAK UNIVERSITESI,2017-2016,DEVLET,USAK,4285,3298,7583,9958,9350,19308,1725,959,2684,106,48,154,16074,13655,29729
USAK UNIVERSITESI,2016-2015,DEVLET,USAK,3873,3011,6884,8597,8017,16614,1298,758,2056,99,41,140,13867,11827,25694
USAK UNIVERSITESI,2015-2014,DEVLET,USAK,3216,2683,5899,6272,6709,12981,962,604,1566,70,30,100,10520,10026,20546
USKUDAR UNIVERSITESI,2019-2018,VAKIF,ISTANBUL,2276,4047,6323,3108,6350,9458,946,2150,3096,26,80,106,6356,12627,18983
USKUDAR UNIVERSITESI,2018-2017,VAKIF,ISTANBUL,2064,3706,5770,2352,5555,7907,888,1650,2538,13,42,55,5317,10953,16270
USKUDAR UNIVERSITESI,2017-2016,VAKIF,ISTANBUL,2137,3698,5835,1639,4326,5965,552,1080,1632,3,7,10,4331,9111,13442
USKUDAR UNIVERSITESI,2016-2015,VAKIF,ISTANBUL,1911,3116,5027,1078,2860,3938,298,731,1029,1,0,1,3288,6707,9995
USKUDAR UNIVERSITESI,2015-2014,VAKIF,ISTANBUL,1255,2097,3352,555,1609,2164,256,549,805,0,0,0,2066,4255,6321
VAN YUZUNCU YIL UNIVERSITESI,2019-2018,DEVLET,VAN,3855,2715,6570,8319,7266,15585,2991,1278,4269,413,161,574,15578,11420,26998
YALOVA UNIVERSITESI,2019-2018,DEVLET,YALOVA,2987,2569,5556,3195,3010,6205,503,309,812,107,80,187,6792,5968,12760
YALOVA UNIVERSITESI,2018-2017,DEVLET,YALOVA,3481,2948,6429,3168,3062,6230,794,364,1158,117,82,199,7560,6456,14016
YALOVA UNIVERSITESI,2017-2016,DEVLET,YALOVA,3418,2862,6280,3114,3101,6215,1063,452,1515,114,60,174,7709,6475,14184
YALOVA UNIVERSITESI,2016-2015,DEVLET,YALOVA,2968,2619,5587,2911,2936,5847,996,432,1428,109,50,159,6984,6037,13021
YALOVA UNIVERSITESI,2015-2014,DEVLET,YALOVA,2394,2275,4669,2570,2632,5202,858,403,1261,74,37,111,5896,5347,11243
YASAR UNIVERSITESI,2019-2018,VAKIF,IZMIR,765,577,1342,3964,4190,8154,348,397,745,94,88,182,5171,5252,10423
YASAR UNIVERSITESI,2018-2017,VAKIF,IZMIR,795,702,1497,4089,4298,8387,395,441,836,94,80,174,5373,5521,10894
YASAR UNIVERSITESI,2017-2016,VAKIF,IZMIR,788,702,1490,3817,4124,7941,520,560,1080,67,86,153,5192,5472,10664
YASAR UNIVERSITESI,2016-2015,VAKIF,IZMIR,676,512,1188,3080,3127,6207,525,600,1125,62,76,138,4343,4315,8658
YASAR UNIVERSITESI,2015-2014,VAKIF,IZMIR,523,419,942,2607,2725,5332,546,572,1118,69,64,133,3745,3780,7525
YEDITEPE UNIVERSITESI,2019-2018,VAKIF,ISTANBUL,0,0,0,9156,10677,19833,1654,2374,4028,612,592,1204,11422,13643,25065
YEDITEPE UNIVERSITESI,2018-2017,VAKIF,ISTANBUL,0,0,0,9156,10629,19785,2194,2742,4936,685,542,1227,12035,13913,25948
YEDITEPE UNIVERSITESI,2017-2016,VAKIF,ISTANBUL,0,0,0,8856,10665,19521,2420,2798,5218,683,507,1190,11959,13970,25929
YEDITEPE UNIVERSITESI,2016-2015,VAKIF,ISTANBUL,0,0,0,8817,11127,19944,1868,2146,4014,641,479,1120,11326,13752,25078
YEDITEPE UNIVERSITESI,2015-2014,VAKIF,ISTANBUL,0,0,0,7751,9706,17457,1644,1872,3516,612,441,1053,10007,12019,22026
YENI YUZYIL UNIVERSITESI,2016-2015,VAKIF,ISTANBUL,819,887,1706,2185,2516,4701,684,342,1026,0,0,0,3688,3745,7433
YENI YUZYIL UNIVERSITESI,2015-2014,VAKIF,ISTANBUL,569,541,1110,1953,2066,4019,590,306,896,0,0,0,3112,2913,6025
YILDIRIM BEYAZIT UNIVERSITESI,2016-2015,DEVLET,ANKARA,26,37,63,3576,4620,8196,1330,745,2075,535,280,815,5467,5682,11149
YILDIRIM BEYAZIT UNIVERSITESI,2015-2014,DEVLET,ANKARA,0,0,0,2624,3601,6225,1113,713,1826,434,228,662,4171,4542,8713
YILDIZ TEKNIK UNIVERSITESI,2019-2018,DEVLET,ISTANBUL,97,57,154,15329,9808,25137,3671,3125,6796,1326,1026,2352,20423,14016,34439
YILDIZ TEKNIK UNIVERSITESI,2018-2017,DEVLET,ISTANBUL,592,324,916,15131,9445,24576,4719,3341,8060,1462,999,2461,21904,14109,36013
YILDIZ TEKNIK UNIVERSITESI,2017-2016,DEVLET,ISTANBUL,671,375,1046,14910,8970,23880,4904,3308,8212,1493,934,2427,21978,13587,35565
YILDIZ TEKNIK UNIVERSITESI,2016-2015,DEVLET,ISTANBUL,816,469,1285,15042,9070,24112,4405,3046,7451,1345,836,2181,21608,13421,35029
YILDIZ TEKNIK UNIVERSITESI,2015-2014,DEVLET,ISTANBUL,1112,669,1781,15380,8904,24284,3639,2577,6216,1163,735,1898,21294,12885,34179
YOZGAT BOZOK UNIVERSITESI,2019-2018,DEVLET,YOZGAT,4282,2576,6858,5531,5583,11114,656,336,992,35,9,44,10504,8504,19008
YUKSEK IHTISAS UNIVERSITESI,2019-2018,VAKIF,ANKARA,43,155,198,182,438,620,0,2,2,0,0,0,225,595,820
YUKSEK IHTISAS UNIVERSITESI,2018-2017,VAKIF,ANKARA,20,78,98,131,309,440,0,3,3,0,0,0,151,390,541
YUKSEK IHTISAS UNIVERSITESI,2017-2016,VAKIF,ANKARA,10,31,41,78,180,258,0,0,0,0,0,0,88,211,299
YUZUNCU YIL UNIVERSITESI,2018-2017,DEVLET,VAN,4659,2815,7474,8339,7314,15653,4464,1255,5719,351,136,487,17813,11520,29333
YUZUNCU YIL UNIVERSITESI,2017-2016,DEVLET,VAN,5121,2953,8074,8586,7248,15834,4098,1173,5271,242,99,341,18047,11473,29520
YUZUNCU YIL UNIVERSITESI,2016-2015,DEVLET,VAN,4970,2762,7732,8763,6956,15719,3517,1115,4632,202,87,289,17452,10920,28372
YUZUNCU YIL UNIVERSITESI,2015-2014,DEVLET,VAN,4426,2486,6912,8457,6369,14826,2434,875,3309,251,95,346,15568,9825,25393
ZIRVE UNIVERSITESI,2016-2015,VAKIF,GAZIANTEP,231,316,547,2938,3312,6250,1439,379,1818,65,19,84,4673,4026,8699
ZIRVE UNIVERSITESI,2015-2014,VAKIF,GAZIANTEP,152,172,324,2706,2790,5496,1358,366,1724,58,18,76,4274,3346,7620
ZONGULDAK BULENT ECEVIT UNIVERSITESI,2019-2018,DEVLET,ZONGULDAK,5921,5007,10928,10260,10103,20363,1238,944,2182,149,94,243,17568,16148,33716
